time,open,high,low,close,volume
2020-01-13 16:30:00,119.539176716,119.539176716,119.539176716,119.539176716,200
2020-01-13 16:15:00,119.509291922,119.509291922,119.509291922,119.509291922,40512
2020-01-13 16:00:00,119.663696692,119.73342787799999,119.42959913799999,119.509291922,207870
2020-01-13 15:45:00,119.58898470700001,119.718485481,119.52174392,119.668677491,50086
2020-01-13 15:30:00,119.60890790299999,119.678639089,119.55909991200001,119.58898470700001,30614
2020-01-13 15:15:00,119.55909991200001,119.663696692,119.529215118,119.58898470700001,24993
2020-01-13 15:00:00,119.598946305,119.60890790299999,119.48936872600001,119.54913831399999,31679
2020-01-13 14:45:00,119.79817826600001,119.843005457,119.54913831399999,119.598946305,26877
2020-01-13 14:30:00,119.927679041,119.927679041,119.76829347200001,119.76829347200001,19435
2020-01-13 14:15:00,119.94760223700001,119.997410227,119.88783264799999,119.94760223700001,32789
2020-01-13 14:00:00,119.82806306,119.957563835,119.77825507,119.93973257399999,17762
2020-01-13 13:45:00,119.708523883,119.818101462,119.678639089,119.803159065,22509
2020-01-13 13:30:00,119.598946305,119.718485481,119.55909991200001,119.708523883,25060
2020-01-13 13:15:00,119.618869501,119.678639089,119.56906151,119.598946305,21192
2020-01-13 13:00:00,119.668677491,119.79319746700001,119.57902310899999,119.60890790299999,18196
2020-01-13 12:45:00,119.82806306,119.97748703100001,119.63879269700001,119.668677491,30009
2020-01-13 12:30:00,119.94760223700001,119.957563835,119.72844707899999,119.808139864,21678
2020-01-13 12:15:00,119.857947854,120.156795796,119.857947854,119.97748703100001,28955
2020-01-13 12:00:00,119.78821666799999,119.907755845,119.718485481,119.88285184899999,31073
2020-01-13 11:45:00,119.618869501,119.78821666799999,119.58898470700001,119.748370276,32688
2020-01-13 11:30:00,119.389752745,119.668677491,119.379791147,119.55909991200001,40135
2020-01-13 11:15:00,119.359867951,119.42959913799999,119.21044398,119.399714343,36334
2020-01-13 11:00:00,119.329983157,119.51925352,119.31005996100001,119.359867951,60088
2020-01-13 10:45:00,119.36484875,119.45948393200001,119.21044398,119.28017516700001,23220
2020-01-13 10:30:00,119.185539985,119.539176716,119.15067439200001,119.369829549,42525
2020-01-13 10:15:00,119.60890790299999,119.658715893,119.190520784,119.190520784,103942
2020-01-13 10:00:00,119.205463181,119.857947854,119.021173617,119.56906151,53322
2020-01-13 09:45:00,120.21656538399999,120.316181365,118.78109910399999,119.200482382,136253
2020-01-13 08:45:00,120.03725661899999,120.03725661899999,120.03725661899999,120.03725661899999,274
2020-01-10 16:15:00,120.25641177700001,120.25641177700001,120.25641177700001,120.25641177700001,20147
2020-01-10 16:00:00,120.25641177700001,120.356027757,120.03725661899999,120.25641177700001,194446
2020-01-10 15:45:00,120.41081654700001,120.44568214,120.18668059,120.24645017899999,70786
2020-01-10 15:30:00,120.37595095299999,120.46560533600001,120.326142963,120.45564373799999,38584
2020-01-10 15:15:00,120.639933302,120.639933302,120.385912551,120.39089335,36933
2020-01-10 15:00:00,120.669818096,120.719626086,120.605067709,120.654875699,26202
2020-01-10 14:45:00,120.684760493,120.724606885,120.60008691,120.694722091,30430
2020-01-10 14:30:00,120.814261268,120.85410766,120.54529812,120.684760493,58088
2020-01-10 14:15:00,121.11310921,121.142994004,120.784376474,120.794338072,31342
2020-01-10 14:00:00,121.28255599299999,121.342225965,121.11310921,121.118090009,27210
2020-01-10 13:45:00,121.08322441600001,121.242609985,121.07326281700001,121.242609985,13335
2020-01-10 13:30:00,121.22567526799999,121.242609985,121.04337802299999,121.07326281700001,46773
2020-01-10 13:15:00,121.053339621,121.19280199399999,121.033416425,121.19280199399999,24117
2020-01-10 13:00:00,121.04337802299999,121.103147612,121.01349322899999,121.053339621,13072
2020-01-10 12:45:00,121.056826181,121.142994004,120.963685239,121.003531631,16382
2020-01-10 12:30:00,120.92383884700001,121.11310921,120.89395405200001,121.04835882200001,21782
2020-01-10 12:15:00,120.76445327799999,120.938781244,120.664837297,120.92383884700001,37751
2020-01-10 12:00:00,120.73456848299999,120.883992454,120.684760493,120.76445327799999,21818
2020-01-10 11:45:00,120.90391565,120.983608435,120.694722091,120.71464528700001,33750
2020-01-10 11:30:00,121.07824361700001,121.152955602,120.89395405200001,120.933800445,29783
2020-01-10 11:15:00,121.02345482700001,121.118090009,120.86406925799999,121.103147612,29398
2020-01-10 11:00:00,121.25257158299999,121.282456377,120.933800445,121.04337802299999,29247
2020-01-10 10:45:00,121.62613151,121.631112309,121.152955602,121.23264838600001,39141
2020-01-10 10:30:00,121.52153473,121.770574682,121.52153473,121.631112309,45360
2020-01-10 10:15:00,121.87517146100001,121.90007545600001,121.53149632799999,121.546438725,63078
2020-01-10 10:00:00,121.69088189700001,121.89011385799999,121.56636192100001,121.87019066200001,43789
2020-01-10 09:45:00,121.631112309,121.905056255,121.327283568,121.591265917,52658
2020-01-09 16:45:00,121.66099710299999,121.66099710299999,121.66099710299999,121.66099710299999,33488
2020-01-09 16:15:00,121.66099710299999,121.66099710299999,121.66099710299999,121.66099710299999,65977
2020-01-09 16:00:00,121.83034427,121.84030586799999,121.541457926,121.66099710299999,248016
2020-01-09 15:45:00,121.694866536,121.795478677,121.621150711,121.795478677,81595
2020-01-09 15:30:00,121.56138112200001,121.72076669100001,121.43188034799999,121.670958701,63716
2020-01-09 15:15:00,121.35218756299999,121.56138112200001,121.327283568,121.56138112200001,44025
2020-01-09 15:00:00,121.50161153399999,121.50161153399999,121.282456377,121.362149161,40656
2020-01-09 14:45:00,121.35218756299999,121.53149632799999,121.35218756299999,121.481688338,43616
2020-01-09 14:30:00,121.34720676399999,121.43188034799999,121.307360372,121.36005722600001,30386
2020-01-09 14:15:00,121.22268678799999,121.33226436700001,121.20276359200001,121.312341171,41024
2020-01-09 14:00:00,121.20276359200001,121.23264838600001,121.01349322899999,121.22268678799999,26429
2020-01-09 13:45:00,121.103147612,121.242609985,121.08322441600001,121.21272519,21661
2020-01-09 13:30:00,121.053339621,121.152955602,120.973646837,121.118090009,36106
2020-01-09 13:15:00,121.142994004,121.282456377,121.04337802299999,121.08322441600001,28931
2020-01-09 13:00:00,121.04835882200001,121.33226436700001,121.033416425,121.152955602,27253
2020-01-09 12:45:00,121.242609985,121.292417975,121.02345482700001,121.07326281700001,39570
2020-01-09 12:30:00,121.392033955,121.47172674,121.123070808,121.25257158299999,32769
2020-01-09 12:15:00,121.392033955,121.51157313200001,121.26054086100001,121.42191875,44759
2020-01-09 12:00:00,121.1629172,121.392033955,120.973646837,121.37709155799999,54020
2020-01-09 11:45:00,121.41195715200001,121.461765142,121.093186014,121.142994004,85845
2020-01-09 11:30:00,121.753739581,121.959845045,121.362149161,121.41195715200001,136650
2020-01-09 11:15:00,121.760613084,121.919998653,121.74567068700001,121.770574682,76107
2020-01-09 11:00:00,121.949883447,121.99969143700001,121.740689887,121.785517079,40174
2020-01-09 10:45:00,121.770574682,122.079384222,121.77017621799999,121.959845045,43768
2020-01-09 10:30:00,122.01961463299999,122.01961463299999,121.57134272,121.75065148600001,123745
2020-01-09 10:15:00,121.929960251,122.14911540799999,121.83034427,122.02957623100001,62693
2020-01-09 10:00:00,121.805440275,122.14911540799999,121.55640032299999,121.90007545600001,138527
2020-01-09 09:45:00,120.206603786,121.98972983899999,119.080943206,121.815401873,237297
2020-01-09 09:30:00,119.449522334,119.78821666799999,119.190520784,119.45948393200001,3994
2020-01-08 16:15:00,118.69244088100001,118.69244088100001,118.69244088100001,118.69244088100001,24609
2020-01-08 16:00:00,119.16063599,119.230367176,118.592824901,118.652594489,211173
2020-01-08 15:45:00,119.290136765,119.31005996100001,119.06102000899999,119.16063599,79037
2020-01-08 15:30:00,119.28017516700001,119.379791147,119.17059758799999,119.31005996100001,45907
2020-01-08 15:15:00,119.110828,119.28017516700001,119.10505027299999,119.28017516700001,28201
2020-01-08 15:00:00,118.90761139899999,119.140712794,118.871749646,119.110828,27293
2020-01-08 14:45:00,118.967480604,118.967480604,118.79205686200001,118.871749646,23983
2020-01-08 14:30:00,118.99128882299999,119.011212019,118.881711244,118.97136562700001,26921
2020-01-08 14:15:00,118.831903254,119.021173617,118.81198005799999,118.97136562700001,33418
2020-01-08 14:00:00,118.926538436,118.93659965,118.79205686200001,118.831903254,26619
2020-01-08 13:45:00,118.931519235,119.041096813,118.871749646,118.926538436,31634
2020-01-08 13:30:00,118.881711244,118.94148083299999,118.80201846,118.94148083299999,29338
2020-01-08 13:15:00,118.921557637,118.99079074299999,118.866768847,118.891672842,40288
2020-01-08 13:00:00,119.080943206,119.09090480399999,118.951442431,118.951442431,26722
2020-01-08 12:45:00,119.260251971,119.349906353,119.021173617,119.09090480399999,30965
2020-01-08 12:30:00,119.27021356899999,119.373017261,119.220405578,119.240328775,31820
2020-01-08 12:15:00,119.27021356899999,119.369829549,119.21044398,119.260251971,51927
2020-01-08 12:00:00,119.41963754,119.48936872600001,119.250290373,119.250290373,33275
2020-01-08 11:45:00,118.921557637,119.439560736,118.806999259,119.399714343,44219
2020-01-08 11:30:00,118.75221047,119.12078959799999,118.66255608700001,118.97136562700001,63463
2020-01-08 11:15:00,118.79205686200001,118.90163444,118.66255608700001,118.75221047,58421
2020-01-08 11:00:00,118.69742168,118.94148083299999,118.69742168,118.78209526399999,48188
2020-01-08 10:45:00,118.707383278,118.861788048,118.53803611100001,118.702402479,68420
2020-01-08 10:30:00,119.369829549,119.379791147,118.49320892,118.672517685,81578
2020-01-08 10:15:00,119.377300748,119.48936872600001,119.240328775,119.349906353,37526
2020-01-08 10:00:00,119.21044398,119.628831099,119.21044398,119.409675942,44851
2020-01-08 09:45:00,118.652594489,119.399714343,118.652594489,119.21044398,64261
2020-01-08 08:15:00,119.031135215,119.031135215,119.031135215,119.031135215,188
2020-01-08 07:30:00,118.49320892,118.49320892,118.49320892,118.49320892,100
2020-01-07 19:45:00,116.600505289,116.600505289,116.600505289,116.600505289,200
2020-01-07 16:45:00,118.284015361,118.284015361,118.284015361,118.284015361,100
2020-01-07 16:30:00,118.343784949,118.343784949,118.343784949,118.343784949,32271
2020-01-07 16:15:00,118.343784949,118.343784949,118.343784949,118.343784949,80131
2020-01-07 16:00:00,118.249149768,118.423477734,118.064860203,118.363708145,408365
2020-01-07 15:45:00,118.254130567,118.284015361,118.094744998,118.249149768,75320
2020-01-07 15:30:00,118.01505221299999,118.274053763,118.01505221299999,118.254130567,99986
2020-01-07 15:15:00,117.895513036,118.02501381100001,117.850685845,118.010071414,58790
2020-01-07 15:00:00,117.780954659,117.895513036,117.74608906600001,117.885551438,48967
2020-01-07 14:45:00,117.845705046,117.915436233,117.676357879,117.766012262,52390
2020-01-07 14:30:00,117.5667803,117.855666644,117.546857104,117.845705046,50884
2020-01-07 14:15:00,117.427317928,117.636511487,117.37750993700001,117.5717611,37975
2020-01-07 14:00:00,117.48210671700001,117.55183790299999,117.39743313299999,117.457202722,28221
2020-01-07 13:45:00,117.51697231,117.65643468299999,117.41735633,117.46716432,38204
2020-01-07 13:30:00,117.50701071200001,117.51697231,117.427317928,117.50701071200001,21773
2020-01-07 13:15:00,117.297817153,117.53191470700001,117.297817153,117.50701071200001,31289
2020-01-07 13:00:00,117.337663545,117.34762514299999,117.150285886,117.297817153,31501
2020-01-07 12:45:00,117.20816277,117.367548339,117.10854679,117.34374012,42578
2020-01-07 12:30:00,117.16831637799999,117.31774034899999,117.133450785,117.19322037299999,30270
2020-01-07 12:15:00,117.188239574,117.357586741,117.153373981,117.16831637799999,62001
2020-01-07 12:00:00,117.277893957,117.32770194700001,117.178277976,117.188239574,40658
2020-01-07 11:45:00,117.34762514299999,117.38249073600001,117.238047565,117.277893957,29386
2020-01-07 11:30:00,117.46716432,117.49704911399999,117.31774034899999,117.357586741,32668
2020-01-07 11:15:00,117.387471535,117.53689550600001,117.32620770700001,117.457202722,30160
2020-01-07 11:00:00,117.138431584,117.477125918,117.138431584,117.367548339,43733
2020-01-07 10:45:00,117.31774034899999,117.40739473200001,117.01889240700001,117.16333557899999,28910
2020-01-07 10:30:00,117.39743313299999,117.50701071200001,117.148393182,117.31774034899999,21500
2020-01-07 10:15:00,116.989007613,117.40739473200001,116.989007613,117.40739473200001,28329
2020-01-07 10:00:00,116.84954524,117.128469986,116.71008286700001,117.058738799,28581
2020-01-07 09:45:00,116.560658896,116.92425722600001,116.09246378799999,116.92425722600001,45792
2020-01-07 09:30:00,116.640351681,116.640351681,116.640351681,116.640351681,199
2020-01-07 09:15:00,116.381350131,116.381350131,116.381350131,116.381350131,258
2020-01-06 16:15:00,116.979046015,116.979046015,116.979046015,116.979046015,168250
2020-01-06 16:00:00,116.73996766200001,117.028854005,116.720044465,116.969084417,167421
2020-01-06 15:45:00,116.545716499,116.73498686200001,116.53077410200001,116.73498686200001,50559
2020-01-06 15:30:00,116.620428485,116.690159671,116.500889308,116.55069729799999,38100
2020-01-06 15:15:00,116.21200296399999,116.630390083,116.21200296399999,116.610466887,45796
2020-01-06 15:00:00,116.13231018,116.21698376299999,116.04265579700001,116.21200296399999,36088
2020-01-06 14:45:00,116.331542141,116.361426935,116.09246378799999,116.13231018,43419
2020-01-06 14:30:00,116.535754901,116.58058209299999,116.301657347,116.321580543,32241
2020-01-06 14:15:00,116.54073570000001,116.600505289,116.49092771,116.55069729799999,28515
2020-01-06 14:00:00,116.59552449,116.690159671,116.434843913,116.55069729799999,24483
2020-01-06 13:45:00,116.75989085799999,116.75989085799999,116.59054369100001,116.59054369100001,19688
2020-01-06 13:30:00,116.879430034,117.028854005,116.690159671,116.73996766200001,42452
2020-01-06 13:15:00,116.73498686200001,117.00893080899999,116.69514047,116.879430034,30540
2020-01-06 13:00:00,116.600505289,116.76985245600001,116.59054369100001,116.75989085799999,29825
2020-01-06 12:45:00,116.610466887,116.650313279,116.46104291600001,116.58058209299999,19466
2020-01-06 12:30:00,116.82962204399999,116.82962204399999,116.560658896,116.59552449,22423
2020-01-06 12:15:00,116.88939163200001,116.959122819,116.74992926,116.85950683799999,33677
2020-01-06 12:00:00,116.73000606299999,117.00893080899999,116.73000606299999,116.909314829,44400
2020-01-06 11:45:00,116.670236475,116.84954524,116.670236475,116.74992926,19402
2020-01-06 11:30:00,116.421196524,116.700121269,116.40127332700001,116.665255676,32986
2020-01-06 11:15:00,116.226945361,116.46104291600001,116.152233376,116.40127332700001,24365
2020-01-06 11:00:00,116.04265579700001,116.23192616,115.94303981700001,116.177137371,27929
2020-01-06 10:45:00,115.57446068899999,116.012771003,115.48480630600001,116.002809405,22341
2020-01-06 10:30:00,115.42503671799999,115.703961463,115.42503671799999,115.57446068899999,35308
2020-01-06 10:15:00,115.60434548299999,115.63921107600001,115.19661727399999,115.39515192299999,95599
2020-01-06 10:00:00,115.614307081,115.76373105200001,115.444959914,115.589403086,35464
2020-01-06 09:45:00,115.803577444,116.08250219,115.504729502,115.51469109999998,55612
2020-01-03 16:15:00,116.411234926,116.411234926,116.40127332700001,116.40127332700001,64113
2020-01-03 16:00:00,116.22196456200001,116.55069729799999,116.162194974,116.40127332700001,270325
2020-01-03 15:45:00,116.162194974,116.23192616,116.08250219,116.21200296399999,58508
2020-01-03 15:30:00,116.301657347,116.301657347,116.112386984,116.157214175,37429
2020-01-03 15:15:00,116.23690696,116.381350131,116.162194974,116.301657347,37486
2020-01-03 15:00:00,116.152233376,116.28173415100001,116.122348582,116.23192616,23854
2020-01-03 14:45:00,116.152233376,116.21200296399999,116.142271778,116.152233376,17501
2020-01-03 14:30:00,116.09246378799999,116.21200296399999,116.052617395,116.167175773,19970
2020-01-03 14:15:00,116.261810955,116.261810955,116.012771003,116.06755979200001,24645
2020-01-03 14:00:00,116.152233376,116.321580543,116.152233376,116.27177255299999,24552
2020-01-03 13:45:00,116.266791754,116.27177255299999,115.838443037,116.112386984,26492
2020-01-03 13:30:00,116.202041366,116.321580543,116.10242538600001,116.27177255299999,24206
2020-01-03 13:15:00,116.226945361,116.301657347,116.142271778,116.22196456200001,28886
2020-01-03 13:00:00,116.296676548,116.471004514,116.192079768,116.226945361,34197
2020-01-03 12:45:00,116.07254059200001,116.28173415100001,116.012771003,116.28173415100001,23442
2020-01-03 12:30:00,116.087482989,116.21200296399999,116.08250219,116.11736778299999,25871
2020-01-03 12:15:00,116.06257899299999,116.34150373899999,116.06257899299999,116.09246378799999,37943
2020-01-03 12:00:00,115.94802061600001,116.142271778,115.903193425,116.07254059200001,28891
2020-01-03 11:45:00,115.72388465899999,116.012771003,115.72388465899999,115.94802061600001,28352
2020-01-03 11:30:00,115.46488311,115.833462238,115.434998316,115.734643185,25678
2020-01-03 11:15:00,115.285574345,115.47484470799999,115.230785555,115.45492151200001,29248
2020-01-03 11:00:00,115.268938476,115.41507512,115.14611197200001,115.27561274700001,57164
2020-01-03 10:45:00,115.47484470799999,115.524652698,115.235766355,115.280593546,54200
2020-01-03 10:30:00,115.664115071,115.79361584600001,115.200900761,115.46488311,39117
2020-01-03 10:15:00,115.175996766,115.664115071,114.93691841299999,115.664115071,48496
2020-01-03 10:00:00,115.071399987,115.215843158,114.757609648,115.215843158,41965
2020-01-03 09:45:00,114.98672640299999,115.48480630600001,114.867187226,115.11622717799999,72150
2020-01-03 09:30:00,115.14611197200001,115.14611197200001,115.14611197200001,115.14611197200001,300
2020-01-03 08:00:00,115.77369265,115.77369265,115.77369265,115.77369265,141
2020-01-02 16:30:00,116.381350131,116.381350131,116.381350131,116.381350131,4142
2020-01-02 16:15:00,116.381350131,116.381350131,116.37138853299999,116.37138853299999,44676
2020-01-02 16:00:00,115.753769454,116.391311729,115.743807856,116.391311729,218885
2020-01-02 15:45:00,115.743807856,115.79361584600001,115.713923061,115.756160237,59458
2020-01-02 15:30:00,115.947721768,115.953001415,115.693999865,115.753769454,42453
2020-01-02 15:15:00,115.684038267,115.953001415,115.674076669,115.933078219,28159
2020-01-02 15:00:00,115.72388465899999,115.79361584600001,115.664115071,115.684038267,31864
2020-01-02 14:45:00,115.76373105200001,115.78365424799999,115.614307081,115.73384625700001,31848
2020-01-02 14:30:00,115.76373105200001,115.813539042,115.748788655,115.77369265,27056
2020-01-02 14:15:00,115.72388465899999,115.843423836,115.72388465899999,115.753769454,28365
2020-01-02 14:00:00,115.903193425,115.987867008,115.713923061,115.72388465899999,37004
2020-01-02 13:45:00,115.86334703200001,116.012771003,115.79361584600001,115.903193425,38180
2020-01-02 13:30:00,115.91315502299999,115.97730771399999,115.82350064,115.86334703200001,43820
2020-01-02 13:15:00,115.933078219,115.957982214,115.887752948,115.887752948,41158
2020-01-02 13:00:00,115.93805901799999,115.96296301299999,115.843423836,115.91813582200001,25682
2020-01-02 12:45:00,115.97292461100001,116.08250219,115.88825102700001,115.923116621,26383
2020-01-02 12:30:00,116.06257899299999,116.06257899299999,115.933078219,115.97292461100001,27832
2020-01-02 12:15:00,116.147252577,116.27177255299999,116.022732601,116.06257899299999,80219
2020-01-02 12:00:00,115.953001415,116.158210335,115.88327022799999,116.147252577,48584
2020-01-02 11:45:00,115.953001415,116.07254059200001,115.74121784,115.94303981700001,46022
2020-01-02 11:30:00,115.82350064,116.13231018,115.78365424799999,115.970334595,68445
2020-01-02 11:15:00,115.659134272,115.903193425,115.624268679,115.848404635,36803
2020-01-02 11:00:00,115.365267129,115.73384625700001,115.185958364,115.689019066,37166
2020-01-02 10:45:00,115.212157367,115.47484470799999,115.185958364,115.345343933,62452
2020-01-02 10:30:00,115.46488311,115.513595324,115.026572795,115.235766355,54283
2020-01-02 10:15:00,115.933078219,115.953001415,115.48480630600001,115.51469109999998,67482
2020-01-02 10:00:00,115.41507512,115.982886209,115.39515192299999,115.93805901799999,74272
2020-01-02 09:45:00,116.03269419899999,116.37138853299999,115.385190325,115.41507512,118714
2019-12-31 18:15:00,116.27177255299999,116.27177255299999,116.27177255299999,116.27177255299999,300
2019-12-31 16:15:00,115.97292461100001,115.97292461100001,115.97292461100001,115.97292461100001,75552
2019-12-31 16:00:00,115.85338543399999,116.012771003,115.614307081,115.97292461100001,295767
2019-12-31 15:45:00,115.76373105200001,115.85338543399999,115.748788655,115.85338543399999,48443
2019-12-31 15:30:00,115.684038267,115.77369265,115.56449909,115.76373105200001,41758
2019-12-31 15:15:00,115.61928788,115.76373105200001,115.56449909,115.693999865,30494
2019-12-31 15:00:00,115.56449909,115.63423027700001,115.48480630600001,115.61928788,25303
2019-12-31 14:45:00,115.624268679,115.66909587,115.534614296,115.534614296,24238
2019-12-31 14:30:00,115.39515192299999,115.654153473,115.315459139,115.61928788,32692
2019-12-31 14:15:00,115.594383885,115.594383885,115.42503671799999,115.42503671799999,34206
2019-12-31 14:00:00,115.589403086,115.624268679,115.504729502,115.594383885,24176
2019-12-31 13:45:00,115.499748703,115.674076669,115.47484470799999,115.599364684,18610
2019-12-31 13:30:00,115.48480630600001,115.594383885,115.285574345,115.47484470799999,27749
2019-12-31 13:15:00,115.355305531,115.479725891,115.30549754100001,115.45492151200001,15860
2019-12-31 13:00:00,115.225804756,115.47484470799999,115.20588156,115.375228727,21873
2019-12-31 12:45:00,115.290555144,115.385190325,115.235766355,115.24074715399999,19384
2019-12-31 12:30:00,115.29553594299999,115.375228727,115.20588156,115.285574345,27039
2019-12-31 12:15:00,115.444959914,115.47484470799999,115.255789167,115.27561274700001,49525
2019-12-31 12:00:00,115.27561274700001,115.48480630600001,115.26565114899999,115.444959914,30267
2019-12-31 11:45:00,115.60932628200001,115.644191875,115.245727953,115.245727953,35234
2019-12-31 11:30:00,115.56449909,115.808558243,115.56449909,115.60434548299999,33468
2019-12-31 11:15:00,115.39515192299999,115.703961463,115.39515192299999,115.56449909,43134
2019-12-31 11:00:00,115.684038267,115.843423836,115.44994071299999,115.44994071299999,27249
2019-12-31 10:45:00,115.893231826,115.923116621,115.644191875,115.713923061,23740
2019-12-31 10:30:00,116.10242538600001,116.122348582,115.903193425,115.903193425,17255
2019-12-31 10:15:00,116.416215725,116.421196524,116.06257899299999,116.09246378799999,31057
2019-12-31 10:00:00,116.45108131799999,116.59054369100001,116.27177255299999,116.44111972,31944
2019-12-31 09:45:00,116.142271778,116.59054369100001,115.90817422399999,116.471004514,61616
2019-12-31 09:30:00,116.06257899299999,116.122348582,116.06257899299999,116.06257899299999,1259
2019-12-30 16:15:00,116.052617395,116.052617395,116.052617395,116.052617395,44227
2019-12-30 16:00:00,115.97790541,116.06257899299999,115.803577444,116.052617395,125915
2019-12-30 15:45:00,116.25184935700001,116.27675335200001,115.96296301299999,115.982886209,57024
2019-12-30 15:30:00,116.25184935700001,116.43115812200001,116.192079768,116.25184935700001,58617
2019-12-30 15:15:00,116.205826774,116.310622785,116.122348582,116.25184935700001,33301
2019-12-30 15:00:00,116.192079768,116.261810955,116.157214175,116.192079768,22883
2019-12-30 14:45:00,116.192079768,116.25184935700001,116.112386984,116.202041366,16456
2019-12-30 14:30:00,116.28173415100001,116.291695749,116.13231018,116.192079768,19291
2019-12-30 14:15:00,116.44111972,116.44111972,116.21200296399999,116.291695749,31374
2019-12-30 14:00:00,116.40127332700001,116.52081250399999,116.27177255299999,116.44111972,36237
2019-12-30 13:45:00,116.49092771,116.49092771,116.361426935,116.411234926,27311
2019-12-30 13:30:00,116.456062117,116.560658896,116.301657347,116.466023715,51983
2019-12-30 13:15:00,116.33652294,116.480966112,116.21200296399999,116.46104291600001,52641
2019-12-30 13:00:00,116.35146533700001,116.52081250399999,116.321580543,116.331542141,53838
2019-12-30 12:45:00,116.06257899299999,116.391311729,116.06257899299999,116.361426935,37847
2019-12-30 12:30:00,115.893231826,116.162194974,115.88327022799999,116.06257899299999,65463
2019-12-30 12:15:00,115.58442228700001,115.923116621,115.58442228700001,115.903193425,38475
2019-12-30 12:00:00,115.51469109999998,115.72388465899999,115.450239561,115.57446068899999,47567
2019-12-30 11:45:00,115.235766355,115.51469109999998,115.09630398200001,115.45492151200001,53164
2019-12-30 11:30:00,115.09630398200001,115.375228727,115.08634238399999,115.245727953,40968
2019-12-30 11:15:00,114.946880011,115.126188776,114.867187226,115.09132318299999,38655
2019-12-30 11:00:00,114.717763255,114.976764805,114.707801657,114.976764805,33394
2019-12-30 10:45:00,114.37538313,114.72483599,114.32926093100001,114.667955265,34892
2019-12-30 10:30:00,114.44880010799999,114.463742505,114.13002897,114.364126524,30884
2019-12-30 10:15:00,114.304356936,114.528492892,114.239606549,114.44880010799999,68400
2019-12-30 10:00:00,113.980604999,114.339222529,113.81125783200001,114.32926093100001,45050
2019-12-30 09:45:00,114.22964495,114.49860809799999,113.721603449,114.02045139100001,49546
2019-12-27 16:15:00,114.518531294,114.518531294,114.518531294,114.518531294,20316
2019-12-27 16:00:00,114.31929933299999,114.548416088,114.159913764,114.518531294,102338
2019-12-27 15:45:00,114.50856969600001,114.548416088,114.339222529,114.339222529,33416
2019-12-27 15:30:00,114.60818567700001,114.697840059,114.533473691,114.53845449,26378
2019-12-27 15:15:00,114.578300883,114.65799366700001,114.44880010799999,114.60818567700001,24538
2019-12-27 15:00:00,114.618147275,114.618147275,114.543435289,114.558377686,20320
2019-12-27 14:45:00,114.49860809799999,114.62233114600001,114.49860809799999,114.60818567700001,18230
2019-12-27 14:30:00,114.428876912,114.4886465,114.339222529,114.4886465,25773
2019-12-27 14:15:00,114.463742505,114.528492892,114.418915314,114.458761706,14439
2019-12-27 14:00:00,114.44880010799999,114.458761706,114.29041069899999,114.458761706,12177
2019-12-27 13:45:00,114.53845449,114.548416088,114.389030519,114.43883851,20129
2019-12-27 13:30:00,114.558377686,114.648032069,114.53845449,114.553396887,17374
2019-12-27 13:15:00,114.47868490200001,114.578300883,114.428876912,114.578300883,19367
2019-12-27 13:00:00,114.408953716,114.50856969600001,114.379068921,114.50856969600001,20068
2019-12-27 12:45:00,114.483665701,114.4886465,114.349184127,114.389030519,14206
2019-12-27 12:30:00,114.458761706,114.548416088,114.398992117,114.458761706,13471
2019-12-27 12:15:00,114.49860809799999,114.702820858,114.369107323,114.43883851,27395
2019-12-27 12:00:00,114.568339285,114.59822407899999,114.49860809799999,114.50358889700001,25673
2019-12-27 11:45:00,114.33424173,114.588262481,114.33424173,114.588262481,19387
2019-12-27 11:30:00,114.28941453899999,114.428876912,114.259529745,114.32926093100001,19155
2019-12-27 11:15:00,114.339222529,114.463742505,114.28941453899999,114.28941453899999,19552
2019-12-27 11:00:00,114.19976015600001,114.468723304,114.19976015600001,114.369107323,19486
2019-12-27 10:45:00,114.254548946,114.254548946,114.090182578,114.204740955,22374
2019-12-27 10:30:00,114.374088122,114.379068921,114.159913764,114.249568147,33577
2019-12-27 10:15:00,114.418915314,114.50856969600001,114.13002897,114.359145725,40798
2019-12-27 10:00:00,114.687878461,114.946880011,114.418915314,114.418915314,32986
2019-12-27 09:45:00,115.654153473,115.654153473,114.568339285,114.737686452,53451
2019-12-27 08:15:00,115.30549754100001,115.30549754100001,115.30549754100001,115.30549754100001,333
2019-12-26 16:15:00,114.867187226,114.867187226,114.867187226,114.867187226,32356
2019-12-26 16:00:00,114.757609648,114.93691841299999,114.712782456,114.867187226,121441
2019-12-26 15:45:00,114.65799366700001,114.767571246,114.558377686,114.767571246,48943
2019-12-26 15:30:00,114.53845449,114.707801657,114.53845449,114.667955265,38691
2019-12-26 15:15:00,114.578300883,114.63308967200001,114.53974949799999,114.548416088,36696
2019-12-26 15:00:00,114.568339285,114.62810887299999,114.558377686,114.573320084,20112
2019-12-26 14:45:00,114.588262481,114.60818567700001,114.558377686,114.558377686,12624
2019-12-26 14:30:00,114.568339285,114.60818567700001,114.53845449,114.59822407899999,13755
2019-12-26 14:15:00,114.408953716,114.62810887299999,114.408953716,114.548416088,25523
2019-12-26 14:00:00,114.423896113,114.43883851,114.29937613700001,114.403972917,23124
2019-12-26 13:45:00,114.418915314,114.53845449,114.39789634200001,114.423896113,33620
2019-12-26 13:30:00,114.349184127,114.458761706,114.349184127,114.389030519,15217
2019-12-26 13:15:00,114.08022098,114.339222529,114.050336185,114.339222529,15344
2019-12-26 13:00:00,113.910873813,114.11010577399999,113.900912215,114.11010577399999,48304
2019-12-26 12:45:00,113.950720205,113.980604999,113.880989018,113.915854612,21082
2019-12-26 12:30:00,113.86106582200001,114.050336185,113.83616182700001,113.950720205,22741
2019-12-26 12:15:00,114.000528195,114.06906399,113.851104224,113.86903510100001,33619
2019-12-26 12:00:00,114.000528195,114.100144176,113.940758607,113.99056659700001,20202
2019-12-26 11:45:00,113.86106582200001,114.017562528,113.86106582200001,114.017562528,25347
2019-12-26 11:30:00,114.035393788,114.040374587,113.83118102799999,113.846123425,22922
2019-12-26 11:15:00,114.279452941,114.31929933299999,113.980604999,114.050336185,37262
2019-12-26 11:00:00,114.13002897,114.408953716,113.930797009,114.29837997700001,97409
2019-12-26 10:45:00,114.32926093100001,114.339222529,114.13002897,114.13002897,19574
2019-12-26 10:30:00,114.418915314,114.468723304,114.28941453899999,114.32926093100001,19768
2019-12-26 10:15:00,114.573320084,114.573320084,114.339222529,114.428876912,29763
2019-12-26 10:00:00,114.50358889700001,114.568339285,114.309337735,114.568339285,17856
2019-12-26 09:45:00,114.60818567700001,115.15607357,114.468723304,114.49860809799999,27041
2019-12-24 13:15:00,114.677916863,114.677916863,114.677916863,114.677916863,62647
2019-12-24 13:00:00,114.648032069,114.74764805,114.623128074,114.737686452,45314
2019-12-24 12:45:00,114.90703361899999,114.956841609,114.588262481,114.637472775,24844
2019-12-24 12:30:00,114.69285926,114.921976016,114.69285926,114.89707202,25756
2019-12-24 12:15:00,114.667955265,114.712782456,114.62810887299999,114.687878461,25780
2019-12-24 12:00:00,114.613166476,114.687878461,114.568339285,114.677916863,16879
2019-12-24 11:45:00,114.727724853,114.792475241,114.59822407899999,114.618147275,60435
2019-12-24 11:30:00,114.727724853,114.757609648,114.65799366700001,114.717763255,22559
2019-12-24 11:15:00,114.737686452,114.79745604,114.638070471,114.737686452,24362
2019-12-24 11:00:00,114.697840059,114.79745604,114.615059179,114.727724853,21789
2019-12-24 10:45:00,114.737686452,114.78749444200001,114.548416088,114.702920474,28022
2019-12-24 10:30:00,114.702820858,114.767571246,114.62810887299999,114.767571246,24915
2019-12-24 10:15:00,114.29439533799999,114.737686452,114.259529745,114.697840059,46209
2019-12-24 10:00:00,114.458761706,114.65799366700001,114.29937613700001,114.309337735,39200
2019-12-24 09:45:00,114.11010577399999,114.74764805,113.83616182700001,114.458761706,58720
2019-12-23 16:15:00,113.761449842,113.761449842,113.761449842,113.761449842,17850
2019-12-23 16:00:00,113.731565047,113.81125783200001,113.661833861,113.71164185100001,128499
2019-12-23 15:45:00,113.880989018,113.930797009,113.71164185100001,113.731565047,53975
2019-12-23 15:30:00,114.13002897,114.149952166,113.83118102799999,113.895931415,76252
2019-12-23 15:15:00,114.11010577399999,114.209721754,114.090182578,114.13002897,35265
2019-12-23 15:00:00,114.090182578,114.149952166,114.040374587,114.11010577399999,26981
2019-12-23 14:45:00,114.219683352,114.249568147,114.040374587,114.08022098,25929
2019-12-23 14:30:00,114.29937613700001,114.32926093100001,114.13999056799999,114.219683352,29353
2019-12-23 14:15:00,114.28941453899999,114.349184127,114.239606549,114.314318534,22289
2019-12-23 14:00:00,114.214702553,114.32926093100001,114.159913764,114.269491343,20740
2019-12-23 13:45:00,114.35416492600001,114.369107323,114.18979855799999,114.219683352,48796
2019-12-23 13:30:00,114.28941453899999,114.339222529,114.239606549,114.339222529,33098
2019-12-23 13:15:00,114.12006737200001,114.28941453899999,114.11010577399999,114.28941453899999,24148
2019-12-23 13:00:00,114.11010577399999,114.149952166,114.070259382,114.115086573,30520
2019-12-23 12:45:00,114.18979855799999,114.219683352,114.13002897,114.13002897,18019
2019-12-23 12:30:00,114.254548946,114.309337735,114.17983696,114.18979855799999,30552
2019-12-23 12:15:00,114.339222529,114.43883851,114.22964495,114.254548946,19221
2019-12-23 12:00:00,114.359145725,114.43883851,114.269491343,114.29937613700001,26268
2019-12-23 11:45:00,114.389030519,114.44880010799999,114.339222529,114.359145725,19939
2019-12-23 11:30:00,114.13999056799999,114.379068921,114.12006737200001,114.379068921,27834
2019-12-23 11:15:00,113.980604999,114.13999056799999,113.940758607,114.13002897,29022
2019-12-23 11:00:00,114.11010577399999,114.16987536200001,113.900912215,113.995547396,32528
2019-12-23 10:45:00,114.13999056799999,114.224664151,114.030412989,114.100144176,24121
2019-12-23 10:30:00,114.18979855799999,114.50856969600001,114.13002897,114.13002897,25490
2019-12-23 10:15:00,114.17983696,114.359145725,114.000528195,114.18979855799999,32207
2019-12-23 10:00:00,114.309337735,114.44880010799999,113.900912215,114.16987536200001,35721
2019-12-23 09:45:00,114.91699521700001,115.08634238399999,114.040374587,114.359145725,68644
2019-12-23 09:30:00,114.926956815,114.926956815,114.926956815,114.926956815,500
2019-12-20 16:30:00,114.79765527200001,114.79765527200001,114.79765527200001,114.79765527200001,779
2019-12-20 16:15:00,114.78749444200001,114.789984841,114.78749444200001,114.78749444200001,434664
2019-12-20 16:00:00,114.49860809799999,114.93691841299999,114.4886465,114.79745604,424520
2019-12-20 15:45:00,114.47868490200001,114.62810887299999,114.468723304,114.518531294,46253
2019-12-20 15:30:00,114.44880010799999,114.568339285,114.428876912,114.47868490200001,41890
2019-12-20 15:15:00,114.568339285,114.59244635200001,114.44880010799999,114.458761706,27961
2019-12-20 15:00:00,114.558377686,114.65799366700001,114.543435289,114.59822407899999,19737
2019-12-20 14:45:00,114.64305127,114.667955265,114.548416088,114.548416088,21852
2019-12-20 14:30:00,114.667955265,114.687878461,114.588262481,114.648032069,20478
2019-12-20 14:15:00,114.518531294,114.687878461,114.518531294,114.667955265,23441
2019-12-20 14:00:00,114.65301286799999,114.66297446600001,114.494523843,114.50856969600001,15137
2019-12-20 13:45:00,114.697840059,114.707801657,114.62810887299999,114.648032069,17871
2019-12-20 13:30:00,114.60818567700001,114.667955265,114.578300883,114.66297446600001,18283
2019-12-20 13:15:00,114.513550495,114.65799366700001,114.513550495,114.59822407899999,17122
2019-12-20 13:00:00,114.511259328,114.618147275,114.468723304,114.533473691,21876
2019-12-20 12:45:00,114.398992117,114.558377686,114.359145725,114.518531294,30222
2019-12-20 12:30:00,114.29439533799999,114.398992117,114.239606549,114.398992117,22257
2019-12-20 12:15:00,114.369107323,114.389030519,114.19976015600001,114.279452941,23760
2019-12-20 12:00:00,114.533971771,114.533971771,114.32926093100001,114.359145725,38077
2019-12-20 11:45:00,114.677916863,114.74764805,114.468723304,114.53845449,17041
2019-12-20 11:30:00,114.90703361899999,114.956841609,114.578300883,114.65799366700001,38484
2019-12-20 11:15:00,114.90703361899999,115.006649599,114.867187226,114.90703361899999,39722
2019-12-20 11:00:00,114.648032069,114.976764805,114.618147275,114.93193761399999,25786
2019-12-20 10:45:00,114.568339285,114.737686452,114.568339285,114.648032069,17329
2019-12-20 10:30:00,114.568339285,114.699035451,114.458761706,114.533473691,21063
2019-12-20 10:15:00,114.98672640299999,115.046495991,114.075240181,114.548416088,61403
2019-12-20 10:00:00,115.385190325,115.684038267,115.09630398200001,115.09630398200001,52399
2019-12-20 09:45:00,115.684038267,115.684038267,114.085201779,115.39515192299999,566115
2019-12-20 09:30:00,115.753769454,116.40127332700001,115.30549754100001,115.47484470799999,10060
2019-12-19 17:15:00,114.717763255,114.717763255,114.717763255,114.717763255,7315
2019-12-19 16:15:00,114.717763255,114.717763255,114.717763255,114.717763255,35537
2019-12-19 16:00:00,114.62810887299999,114.757609648,114.43883851,114.737686452,169205
2019-12-19 15:45:00,114.548416088,114.618147275,114.493627299,114.618147275,49563
2019-12-19 15:30:00,114.638070471,114.65301286799999,114.53845449,114.53845449,36028
2019-12-19 15:15:00,114.618147275,114.717763255,114.59822407899999,114.638070471,33874
2019-12-19 15:00:00,114.588262481,114.638070471,114.518531294,114.63308967200001,29821
2019-12-19 14:45:00,114.513550495,114.638070471,114.50856969600001,114.59234673600001,29951
2019-12-19 14:30:00,114.667955265,114.667955265,114.468723304,114.528492892,33108
2019-12-19 14:15:00,114.66297446600001,114.687878461,114.558377686,114.667955265,29440
2019-12-19 14:00:00,114.528492892,114.66297446600001,114.4886465,114.66297446600001,30698
2019-12-19 13:45:00,114.49860809799999,114.53845449,114.47370410299999,114.518531294,28484
2019-12-19 13:30:00,114.394011318,114.528492892,114.349184127,114.513550495,29906
2019-12-19 13:15:00,114.29439533799999,114.408953716,114.279452941,114.389030519,25541
2019-12-19 13:00:00,114.209721754,114.32428013200001,114.204740955,114.309337735,25329
2019-12-19 12:45:00,114.13500976899999,114.259529745,114.11010577399999,114.19976015600001,23137
2019-12-19 12:30:00,114.12006737200001,114.13999056799999,114.01048979299999,114.13999056799999,24026
2019-12-19 12:15:00,113.841142626,114.090182578,113.796315435,114.090182578,26212
2019-12-19 12:00:00,113.731565047,113.880989018,113.70168025299999,113.82121943,26151
2019-12-19 11:45:00,113.876008219,113.910873813,113.712040315,113.736545847,61727
2019-12-19 11:30:00,113.930797009,114.040374587,113.851104224,113.880989018,45559
2019-12-19 11:15:00,113.781373038,114.040374587,113.751488244,113.910873813,29417
2019-12-19 11:00:00,113.81125783200001,113.99056659700001,113.77141144,113.77141144,31260
2019-12-19 10:45:00,113.56221788,113.851104224,113.542294684,113.851104224,25288
2019-12-19 10:30:00,113.602064273,113.70168025299999,113.56221788,113.572179479,34123
2019-12-19 10:15:00,114.02543219,114.070259382,113.492486694,113.612025871,57360
2019-12-19 10:00:00,114.18979855799999,114.269491343,113.876008219,114.030412989,68884
2019-12-19 09:45:00,113.303216331,114.149952166,113.303216331,114.149952166,83864
2019-12-18 19:00:00,113.04421478100001,113.04421478100001,113.04421478100001,113.04421478100001,500
2019-12-18 16:45:00,113.054176379,113.054176379,113.054176379,113.054176379,100
2019-12-18 16:15:00,113.054176379,113.06039341299999,112.934637203,113.054176379,87629
2019-12-18 16:00:00,113.19363875200001,113.303216331,113.024291585,113.04421478100001,154351
2019-12-18 15:45:00,113.25340834100001,113.283293135,113.024291585,113.183677154,66632
2019-12-18 15:30:00,113.113945968,113.25838914,113.089041973,113.233485145,46288
2019-12-18 15:15:00,112.99938759,113.183677154,112.934637203,113.094022772,44152
2019-12-18 15:00:00,112.83502122200001,113.00436838899999,112.775251634,113.00436838899999,47944
2019-12-18 14:45:00,112.914714007,112.944598801,112.83502122200001,112.85494441799999,18161
2019-12-18 14:30:00,112.88482921200001,112.954560399,112.74536684,112.934637203,21209
2019-12-18 14:15:00,112.83502122200001,112.992514087,112.83502122200001,112.89479081,38781
2019-12-18 14:00:00,112.864906016,112.959541198,112.810117227,112.810117227,23676
2019-12-18 13:45:00,112.74536684,112.904752409,112.73540524200001,112.861120609,18257
2019-12-18 13:30:00,112.70053964799999,112.864906016,112.685597251,112.73540524200001,26765
2019-12-18 13:15:00,112.665674055,112.785213232,112.665674055,112.695558849,20640
2019-12-18 13:00:00,112.645750859,112.695558849,112.615866065,112.660693256,14462
2019-12-18 12:45:00,112.685597251,112.695558849,112.58598127100001,112.660693256,17547
2019-12-18 12:30:00,112.685597251,112.715482045,112.58598127100001,112.685597251,31516
2019-12-18 12:15:00,112.605904467,112.83502122200001,112.58608088700001,112.67563565299999,34719
2019-12-18 12:00:00,112.849963619,112.89479081,112.55609647600001,112.57601967299999,42582
2019-12-18 11:45:00,112.406672506,112.964521997,112.386749309,112.82505962399999,60411
2019-12-18 11:30:00,112.531192481,112.660693256,112.147670956,112.39671090700001,297573
2019-12-18 11:15:00,112.48636529,112.685597251,112.356864515,112.51625008399999,107736
2019-12-18 11:00:00,113.054176379,113.054176379,112.427293014,112.48636529,84735
2019-12-18 10:45:00,113.22352354600001,113.233485145,113.00436838899999,113.03425318299999,28880
2019-12-18 10:30:00,113.392870713,113.417774709,113.173715556,113.20360035,33983
2019-12-18 10:15:00,113.173715556,113.422755508,113.123907566,113.353024321,79725
2019-12-18 10:00:00,113.47256349799999,113.54727548299999,112.994406791,113.16375395799999,31122
2019-12-18 09:45:00,113.37294751700001,113.71164185100001,113.15379236,113.492486694,94113
2019-12-17 17:00:00,113.37294751700001,113.37294751700001,113.37294751700001,113.37294751700001,32604
2019-12-17 16:15:00,113.37294751700001,113.37294751700001,113.37294751700001,113.37294751700001,29694
2019-12-17 16:00:00,113.335989989,113.492486694,113.303216331,113.303216331,191249
2019-12-17 15:45:00,113.353024321,113.457621101,113.30819713,113.338081924,96882
2019-12-17 15:30:00,113.15379236,113.353024321,113.064137977,113.34306272299999,57041
2019-12-17 15:15:00,113.273331537,113.303216331,113.14383076200001,113.14383076200001,51040
2019-12-17 15:00:00,113.37294751700001,113.422755508,113.278312336,113.278312336,37877
2019-12-17 14:45:00,113.37294751700001,113.422755508,113.32313952700001,113.37294751700001,43153
2019-12-17 14:30:00,113.19363875200001,113.383407195,113.19363875200001,113.382909115,36271
2019-12-17 14:15:00,113.25340834100001,113.273331537,113.13386916399999,113.183677154,53856
2019-12-17 14:00:00,113.263369939,113.303216331,113.183677154,113.25340834100001,31145
2019-12-17 13:45:00,113.31317792899999,113.333101125,113.19363875200001,113.25340834100001,39829
2019-12-17 13:30:00,113.37294751700001,113.382909115,113.31317792899999,113.34306272299999,24804
2019-12-17 13:15:00,113.397851512,113.432717106,113.303216331,113.362985919,33695
2019-12-17 13:00:00,113.333101125,113.46260190000001,113.32313952700001,113.397851512,27965
2019-12-17 12:45:00,113.35800512,113.37195135799999,113.263369939,113.31317792899999,45406
2019-12-17 12:30:00,113.37294751700001,113.422755508,113.32313952700001,113.362985919,28366
2019-12-17 12:15:00,113.492486694,113.53233308600001,113.362985919,113.362985919,55685
2019-12-17 12:00:00,113.572179479,113.62198746899999,113.47256349799999,113.492486694,28735
2019-12-17 11:45:00,113.52237148799999,113.661833861,113.50244829200001,113.602064273,43174
2019-12-17 11:30:00,113.293254733,113.56719868,113.21356194799999,113.56221788,42553
2019-12-17 11:15:00,113.47256349799999,113.487505895,113.24344674299999,113.273331537,44996
2019-12-17 11:00:00,113.572179479,113.62198746899999,113.452640302,113.457621101,46878
2019-12-17 10:45:00,113.56221788,113.68175705700001,113.507429091,113.56719868,44585
2019-12-17 10:30:00,113.71164185100001,113.731565047,113.382909115,113.572179479,60629
2019-12-17 10:15:00,113.263369939,113.77141144,113.183677154,113.706661052,63784
2019-12-17 10:00:00,113.56032517700001,113.65187226299999,113.24344674299999,113.303216331,82864
2019-12-17 09:45:00,114.269491343,114.269491343,113.355016641,113.602064273,133270
2019-12-16 16:15:00,113.950720205,114.50856969600001,113.950720205,114.50856969600001,55614
2019-12-16 16:00:00,113.86106582200001,114.070259382,113.781373038,113.96068180299999,201178
2019-12-16 15:45:00,113.99056659700001,114.11010577399999,113.86106582200001,113.87102742,87156
2019-12-16 15:30:00,113.920835411,114.08022098,113.920835411,113.980604999,58190
2019-12-16 15:15:00,113.761449842,113.950720205,113.751488244,113.930797009,43834
2019-12-16 15:00:00,113.87102742,113.940758607,113.741526646,113.741526646,47421
2019-12-16 14:45:00,114.02045139100001,114.02543219,113.791334636,113.880989018,58984
2019-12-16 14:30:00,114.259529745,114.315314694,113.95570100399999,114.000528195,59093
2019-12-16 14:15:00,114.408953716,114.418915314,114.219683352,114.269491343,58075
2019-12-16 14:00:00,114.47868490200001,114.60818567700001,114.349184127,114.408953716,57138
2019-12-16 13:45:00,114.64305127,114.65799366700001,114.43883851,114.44880010799999,47289
2019-12-16 13:30:00,114.588262481,114.687878461,114.47868490200001,114.638070471,52126
2019-12-16 13:15:00,114.91699521700001,114.91699521700001,114.548416088,114.59822407899999,123633
2019-12-16 13:00:00,114.887110422,114.956841609,114.84726403,114.921976016,34070
2019-12-16 12:45:00,114.99668800100001,115.016611197,114.885118103,114.89707202,24921
2019-12-16 12:30:00,114.91699521700001,115.05645758899999,114.837302432,114.98672640299999,49041
2019-12-16 12:15:00,114.946880011,115.027170491,114.89707202,114.921976016,40863
2019-12-16 12:00:00,114.91699521700001,115.006649599,114.887110422,114.93691841299999,49531
2019-12-16 11:45:00,114.737686452,114.956841609,114.717763255,114.91699521700001,43521
2019-12-16 11:30:00,114.887110422,114.90703361899999,114.648032069,114.717763255,57406
2019-12-16 11:15:00,114.89707202,114.90703361899999,114.80741763799999,114.89707202,55081
2019-12-16 11:00:00,115.09630398200001,115.09630398200001,114.80741763799999,114.867187226,52418
2019-12-16 10:45:00,115.036534393,115.12120797700001,115.006649599,115.06641918700001,60518
2019-12-16 10:30:00,115.076380786,115.11622717799999,115.006649599,115.021591996,63656
2019-12-16 10:15:00,115.290555144,115.340363134,114.90703361899999,115.06641918700001,74575
2019-12-16 10:00:00,115.47484470799999,115.48480630600001,115.05645758899999,115.245727953,69582
2019-12-16 09:45:00,115.58442228700001,116.08250219,115.375228727,115.40511352200001,71219
