time,open,high,low,close,volume
2019-03-19 18:00:00,79.96879110260001,79.96879110260001,79.96879110260001,79.96879110260001,170
2019-03-19 16:15:00,79.9594472357,80.02420670939999,79.9594472357,80.02420670939999,139703
2019-03-19 16:00:00,79.7836715216,80.014955356,79.7559174614,79.9686985891,312048
2019-03-19 15:45:00,80.1814797168,80.1861053934,79.76516881479999,79.7836715216,133490
2019-03-19 15:30:00,80.3480040775,80.3665067843,80.1814797168,80.1861053934,78060
2019-03-19 15:15:00,80.579287912,80.6347960322,80.3017473107,80.3387527242,71735
2019-03-19 15:00:00,80.653298739,80.69955550590001,80.579287912,80.579287912,68651
2019-03-19 14:45:00,80.7643149795,80.801320393,80.6347960322,80.6440473856,61908
2019-03-19 14:30:00,80.6440473856,80.7735663329,80.5700365586,80.7596893028,58832
2019-03-19 14:15:00,80.7180582126,80.7735663329,80.6255446788,80.653298739,52885
2019-03-19 14:00:00,80.7249967276,80.7550636261,80.6625500924,80.7180582126,41061
2019-03-19 13:45:00,80.7735663329,80.9400906937,80.727309566,80.7364684058,71955
2019-03-19 13:30:00,80.7735663329,80.8151974231,80.74581227270001,80.7550636261,31683
2019-03-19 13:15:00,80.8475771599,80.8475771599,80.6718014457,80.801320393,43570
2019-03-19 13:00:00,80.87533122,80.9030852801,80.5700365586,80.8475771599,101753
2019-03-19 12:45:00,80.8290744531,80.9123366335,80.8199156133,80.87533122,34477
2019-03-19 12:30:00,80.9308393403,80.9308393403,80.7920690396,80.81982309979999,46881
2019-03-19 12:15:00,80.8469295652,80.9770961072,80.7828176863,80.9308393403,47895
2019-03-19 12:00:00,80.6903041525,80.87533122,80.6718014457,80.8383258065,97085
2019-03-19 11:45:00,80.7920690396,80.7920690396,80.6347960322,80.69955550590001,48767
2019-03-19 11:30:00,80.6347960322,80.8105717464,80.5145284383,80.7828176863,73693
2019-03-19 11:15:00,80.5977906187,80.6625500924,80.4867743782,80.6347960322,78664
2019-03-19 11:00:00,80.8383258065,80.9678447538,80.5607852052,80.579287912,109579
2019-03-19 10:45:00,80.8030781501,81.0881123477,80.653298739,80.8290744531,130469
2019-03-19 10:30:00,80.653298739,80.8023380419,80.5700365586,80.8023380419,83107
2019-03-19 10:15:00,80.7643149795,80.8660798666,80.5977906187,80.6718014457,127712
2019-03-19 10:00:00,81.1343691146,81.2731394152,80.74581227270001,80.7689406562,74312
2019-03-19 09:45:00,80.73656091939999,81.365652949,80.4960257316,81.1201220304,200058
2019-03-19 09:30:00,80.7088068592,80.9308393403,80.7088068592,80.7920690396,675
2019-03-18 20:00:00,80.3480040775,80.3480040775,80.3480040775,80.3480040775,150
2019-03-18 17:45:00,80.25549054380001,80.25549054380001,80.25549054380001,80.25549054380001,291
2019-03-18 17:15:00,80.16297701,80.16297701,80.16297701,80.16297701,200
2019-03-18 16:30:00,80.25549054380001,80.25549054380001,80.25549054380001,80.25549054380001,12320
2019-03-18 16:15:00,80.25549054380001,80.25549054380001,80.25549054380001,80.25549054380001,619214
2019-03-18 16:00:00,80.16297701,80.3480040775,80.16297701,80.25549054380001,292480
2019-03-18 15:45:00,80.1167202431,80.1814797168,80.088966183,80.16297701,131463
2019-03-18 15:30:00,79.9872012958,80.1573336844,79.9872012958,80.1166277296,73744
2019-03-18 15:15:00,80.1259715965,80.1352229499,79.9594472357,79.9872012958,53418
2019-03-18 15:00:00,80.2184851303,80.2323621603,80.1074688897,80.1259715965,50122
2019-03-18 14:45:00,80.0704634762,80.25549054380001,80.0057040026,80.22403594229999,70342
2019-03-18 14:30:00,79.7559174614,80.0750891529,79.746666108,80.0704634762,62530
2019-03-18 14:15:00,79.8391796418,79.8761850553,79.746666108,79.7559174614,39901
2019-03-18 14:00:00,79.8484309952,79.8946877621,79.8021742283,79.8253026118,31773
2019-03-18 13:45:00,79.8391796418,79.8695240809,79.77636295239999,79.8576823486,34911
2019-03-18 13:30:00,79.9224418222,79.9316931756,79.7929228749,79.8484309952,38271
2019-03-18 13:15:00,79.9719365628,79.9910868643,79.8946877621,79.94094452899999,46773
2019-03-18 13:00:00,80.0612121229,80.07971482960001,79.94094452899999,79.9779499425,31712
2019-03-18 12:45:00,79.8160512584,80.0427094161,79.7929228749,80.0427094161,73381
2019-03-18 12:30:00,79.7697944915,79.8576823486,79.7096606945,79.8206769351,55679
2019-03-18 12:15:00,79.6634039277,79.7744201682,79.6171471608,79.7744201682,45948
2019-03-18 12:00:00,79.5523876871,79.6819066344,79.5431363338,79.6541525743,67235
2019-03-18 11:45:00,79.7374147547,79.7559174614,79.5523876871,79.5570133638,72277
2019-03-18 11:30:00,79.94094452899999,79.9594472357,79.5586786074,79.746666108,64469
2019-03-18 11:15:00,79.7591554351,79.9964526492,79.7096606945,79.9434423944,144577
2019-03-18 11:00:00,79.7096606945,79.7605431381,79.61372416,79.7605431381,65409
2019-03-18 10:45:00,79.6911579878,79.81142558170001,79.4644998301,79.6911579878,110244
2019-03-18 10:30:00,79.4506228,79.8021742283,79.4506228,79.6975414216,96392
2019-03-18 10:15:00,79.6356498675,79.9131904688,79.4321200932,79.4783768601,159116
2019-03-18 10:00:00,79.3581092662,79.6356498675,79.2008362588,79.6171471608,172153
2019-03-18 09:45:00,78.960301071,79.5431363338,78.9094186274,79.39631735569999,166143
2019-03-18 09:15:00,79.0065578379,79.0065578379,78.960301071,78.960301071,1175
2019-03-18 08:30:00,78.960301071,78.960301071,78.960301071,78.960301071,800
2019-03-18 08:00:00,79.01580919130001,79.01580919130001,79.01580919130001,79.01580919130001,100
2019-03-15 18:45:00,78.6365037028,78.6365037028,78.6365037028,78.6365037028,138
2019-03-15 16:30:00,78.7128273682,78.7128273682,78.7128273682,78.7128273682,890
2019-03-15 16:15:00,78.7105145298,78.7105145298,78.7105145298,78.7105145298,351473
2019-03-15 16:00:00,78.78452535689999,78.8215307704,78.4237225752,78.7290172366,397632
2019-03-15 15:45:00,78.74751994340001,78.7937767102,78.7105145298,78.78452535689999,134166
2019-03-15 15:30:00,78.7567712967,78.8215307704,78.6550064096,78.7567712967,83687
2019-03-15 15:15:00,78.6365037028,78.7660226501,78.57174422920001,78.7660226501,76548
2019-03-15 15:00:00,78.6735091163,78.6827604697,78.5532415224,78.6503807329,32380
2019-03-15 14:45:00,78.5439901691,78.6920118231,78.5439901691,78.6735091163,48294
2019-03-15 14:30:00,78.4098455451,78.57174422920001,78.4098455451,78.52548746229999,45379
2019-03-15 14:15:00,78.4329739285,78.5069847556,78.3960610286,78.3960610286,38448
2019-03-15 14:00:00,78.3589631015,78.4604504481,78.34508607149999,78.42834825189999,41000
2019-03-15 13:45:00,78.4514766353,78.4884820488,78.3127063346,78.3543374248,74131
2019-03-15 13:30:00,78.4931077255,78.5439901691,78.4052198684,78.4329739285,35946
2019-03-15 13:15:00,78.5347388157,78.6457550562,78.4792306954,78.4977334022,43768
2019-03-15 13:00:00,78.5347388157,78.6218865645,78.4977334022,78.5162361089,48861
2019-03-15 12:45:00,78.4977334022,78.57174422920001,78.4784905872,78.5347388157,36608
2019-03-15 12:30:00,78.6272523495,78.7197658832,78.4977334022,78.4977334022,39673
2019-03-15 12:15:00,78.4514766353,78.7290172366,78.3497117482,78.6087496427,48637
2019-03-15 12:00:00,78.4237225752,78.6318780261,78.4237225752,78.4792306954,51319
2019-03-15 11:45:00,78.52548746229999,78.52548746229999,78.3312090414,78.4144712218,40162
2019-03-15 11:30:00,78.4977334022,78.7290172366,78.4977334022,78.5439901691,47943
2019-03-15 11:15:00,78.7752740035,78.7936841967,78.4607279887,78.4977334022,60067
2019-03-15 11:00:00,78.6920118231,78.8215307704,78.6180009961,78.7613969734,75065
2019-03-15 10:45:00,79.14070246189999,79.2285903189,78.6735091163,78.6990428517,80858
2019-03-15 10:30:00,79.4136173865,79.4413714466,79.01580919130001,79.1268254318,116738
2019-03-15 10:15:00,79.5708903939,79.7744201682,79.3211038527,79.4691255067,136594
2019-03-15 10:00:00,79.3673606196,79.5893931006,79.2258149129,79.5431363338,96623
2019-03-15 09:45:00,78.52548746229999,79.45987415340001,78.4237225752,79.3349808828,639779
2019-03-15 09:15:00,78.52548746229999,78.52548746229999,78.4884820488,78.4884820488,700
2019-03-15 07:15:00,78.6365037028,78.6365037028,78.6365037028,78.6365037028,300
2019-03-14 16:30:00,78.57174422920001,78.57174422920001,78.4514766353,78.4514766353,1493
2019-03-14 16:15:00,78.5809955826,78.5809955826,77.28580610979999,77.28580610979999,430568
2019-03-14 16:00:00,78.4329739285,78.5994982893,78.4052198684,78.5809955826,447270
2019-03-14 15:45:00,78.30808065800001,78.469979342,78.3035474948,78.4207621421,157382
2019-03-14 15:30:00,78.2703351362,78.3312090414,78.2433211843,78.3127063346,78265
2019-03-14 15:15:00,78.1091765604,78.34046039479999,78.0906738536,78.2664495678,118135
2019-03-14 15:00:00,78.0629197935,78.1646846806,78.0074116732,78.1461819739,58271
2019-03-14 14:45:00,78.0333154627,78.0814225002,77.9565292296,78.0721711468,37126
2019-03-14 14:30:00,77.9287751695,78.1276792671,77.9241494928,78.0444170867,46685
2019-03-14 14:15:00,78.0478400875,78.0629197935,77.9287751695,77.9287751695,77658
2019-03-14 14:00:00,78.0814225002,78.0906738536,77.98890896649999,78.0414566536,54091
2019-03-14 13:45:00,78.0721711468,78.1276792671,78.0629197935,78.0721711468,43039
2019-03-14 13:30:00,77.9981603198,78.0629197935,77.9426521996,78.05209571,45325
2019-03-14 13:15:00,77.9611549063,78.0074116732,77.9334008462,77.98890896649999,35670
2019-03-14 13:00:00,77.9611549063,78.02591438,77.9148981394,77.956066662,54465
2019-03-14 12:45:00,77.8408873124,77.9518110394,77.8408873124,77.9482030116,34879
2019-03-14 12:30:00,77.7483737787,77.8408873124,77.743748102,77.8408873124,50411
2019-03-14 12:15:00,77.831635959,77.9287751695,77.72987107189999,77.7391224253,49828
2019-03-14 12:00:00,77.8686413726,77.9334008462,77.81313325229999,77.8440327726,57157
2019-03-14 11:45:00,77.8038818989,77.9704062597,77.713773717,77.8501386658,88273
2019-03-14 11:30:00,77.9278500342,78.0166630266,77.77612783880001,77.7946305455,97163
2019-03-14 11:15:00,77.683614305,77.9796576131,77.54484400439999,77.9426521996,79100
2019-03-14 11:00:00,77.98890896649999,78.0721711468,77.6743629516,77.7021170118,89412
2019-03-14 10:45:00,78.0814225002,78.1646846806,77.9644853935,78.0074116732,80299
2019-03-14 10:30:00,78.0166630266,78.3682144549,78.0166630266,78.0906738536,64252
2019-03-14 10:15:00,78.30808065800001,78.3867171617,77.9334008462,78.0351657333,106230
2019-03-14 10:00:00,78.247946861,78.4329739285,78.0536684401,78.30808065800001,112973
2019-03-14 09:45:00,77.81313325229999,78.2942036279,77.6928656584,78.25719821439999,118443
2019-03-13 19:00:00,78.173936034,78.173936034,78.173936034,78.173936034,1000
2019-03-13 18:15:00,77.9148981394,77.9148981394,77.9148981394,77.9148981394,184
2019-03-13 16:30:00,77.9148981394,77.9148981394,77.9148981394,77.9148981394,1619
2019-03-13 16:15:00,77.9148981394,78.2109414475,77.7113683652,78.2109414475,446480
2019-03-13 16:00:00,77.8778927259,77.98890896649999,77.7113683652,77.8963954327,500651
2019-03-13 15:45:00,77.757625132,77.9241494928,77.6373575381,77.8963954327,175181
2019-03-13 15:30:00,77.62810618479999,77.8593900192,77.6003521246,77.77612783880001,111065
2019-03-13 15:15:00,77.7483737787,77.8408873124,77.6142291547,77.62810618479999,78395
2019-03-13 15:00:00,77.8547643425,77.8547643425,77.535592651,77.7483737787,105078
2019-03-13 14:45:00,77.9241494928,77.9241494928,77.8038818989,77.8593900192,80875
2019-03-13 14:30:00,78.0074116732,78.0536684401,77.9148981394,77.9148981394,49690
2019-03-13 14:15:00,78.0351657333,78.2386955076,78.0074116732,78.0166630266,104977
2019-03-13 14:00:00,77.9426521996,78.0351657333,77.8686413726,78.02591438,53907
2019-03-13 13:45:00,77.9704062597,78.0814225002,77.9334008462,77.93562117100001,44447
2019-03-13 13:30:00,77.8038818989,77.9981603198,77.7992562222,77.9750319364,50845
2019-03-13 13:15:00,77.7946305455,77.9519035529,77.77612783880001,77.7992562222,63532
2019-03-13 13:00:00,77.6466088915,77.8501386658,77.5356851645,77.7946305455,60114
2019-03-13 12:45:00,77.5679723878,77.6466088915,77.5170899442,77.6466088915,72757
2019-03-13 12:30:00,77.7853791922,77.8038818989,77.5540953577,77.5818494179,83409
2019-03-13 12:15:00,77.9334008462,78.0675454702,77.757625132,77.7668764854,87540
2019-03-13 12:00:00,78.0629197935,78.173936034,77.9241494928,77.9334008462,70610
2019-03-13 11:45:00,78.1091765604,78.1646846806,77.9796576131,78.0444170867,67871
2019-03-13 11:30:00,77.9796576131,78.1090840468,77.8593900192,78.099925207,70442
2019-03-13 11:15:00,77.8778927259,78.099925207,77.8778927259,77.98890896649999,91341
2019-03-13 11:00:00,77.609603478,77.8871440793,77.4893358841,77.8593900192,125078
2019-03-13 10:45:00,77.3505655835,77.9195238161,77.3505655835,77.6188548314,198000
2019-03-13 10:30:00,77.7391224253,77.757625132,77.2210466362,77.3505655835,126914
2019-03-13 10:15:00,77.7021170118,78.0166630266,77.669737275,77.7391224253,143943
2019-03-13 10:00:00,77.6188548314,77.9611549063,77.6049778013,77.6928656584,166963
2019-03-13 09:45:00,77.81313325229999,78.22019280090001,77.4523304706,77.6003521246,203500
2019-03-13 09:30:00,77.7113683652,77.7113683652,77.5725980645,77.5725980645,506
2019-03-13 09:00:00,77.5725980645,77.7113683652,77.5725980645,77.7113683652,250
2019-03-13 07:15:00,77.9611549063,77.9611549063,77.9611549063,77.9611549063,100
2019-03-12 19:45:00,77.6188548314,77.6188548314,77.6188548314,77.6188548314,100
2019-03-12 16:30:00,77.5725980645,77.5725980645,77.5725980645,77.5725980645,3868
2019-03-12 16:15:00,77.5725980645,77.5725980645,77.5725980645,77.5725980645,291769
2019-03-12 16:00:00,77.7391224253,77.77612783880001,77.4708331774,77.5818494179,657910
2019-03-12 15:45:00,77.8778927259,77.8778927259,77.5911007713,77.743748102,346624
2019-03-12 15:30:00,78.1184279137,78.12453380699999,77.8385744741,77.8825184026,195108
2019-03-12 15:15:00,78.173936034,78.2664495678,78.1091765604,78.1184279137,110104
2019-03-12 15:00:00,78.2757009211,78.3127063346,78.0351657333,78.173936034,142866
2019-03-12 14:45:00,78.2911506813,78.321957688,78.2386955076,78.2757009211,124431
2019-03-12 14:30:00,78.3034549813,78.4144712218,78.25719821439999,78.2757009211,82978
2019-03-12 14:15:00,78.1924387407,78.3682144549,78.173936034,78.3127063346,87788
2019-03-12 14:00:00,78.0814225002,78.247946861,78.0536684401,78.2109414475,115505
2019-03-12 13:45:00,77.9334008462,78.1144498318,77.8871440793,78.0906738536,83908
2019-03-12 13:30:00,78.1276792671,78.1415562972,77.9241494928,77.9426521996,72432
2019-03-12 13:15:00,78.173936034,78.25719821439999,78.0629197935,78.1369306205,56784
2019-03-12 13:00:00,78.1831873874,78.247946861,78.0629197935,78.173936034,110956
2019-03-12 12:45:00,78.3034549813,78.3127063346,78.1554333272,78.173936034,82964
2019-03-12 12:30:00,78.4329739285,78.4514766353,78.2757009211,78.3034549813,80712
2019-03-12 12:15:00,78.5358489781,78.5358489781,78.3127063346,78.4329739285,91640
2019-03-12 12:00:00,78.469979342,78.5902469359,78.4329739285,78.52548746229999,81580
2019-03-12 11:45:00,78.3034549813,78.5347388157,78.2664495678,78.4884820488,88253
2019-03-12 11:30:00,78.2757009211,78.4792306954,78.1276792671,78.3358347181,150123
2019-03-12 11:15:00,78.2803265978,78.5162361089,78.2386955076,78.2757009211,241106
2019-03-12 11:00:00,78.25719821439999,78.4422252819,78.1831873874,78.283657085,110856
2019-03-12 10:45:00,78.57174422920001,78.7105145298,78.1554333272,78.2294441543,155090
2019-03-12 10:30:00,77.669737275,78.5809955826,77.6558602449,78.5439901691,269746
2019-03-12 10:15:00,77.3366885534,77.7021170118,77.2765547564,77.669737275,156759
2019-03-12 10:00:00,76.971260095,77.46158182399999,76.74922761399999,77.34159177069999,152833
2019-03-12 09:45:00,77.1377844558,77.2996831399,76.5642005464,76.971260095,170574
2019-03-12 09:30:00,76.9897628018,77.0915276889,76.9897628018,77.0915276889,343
2019-03-12 07:30:00,77.2302979896,77.2302979896,77.2302979896,77.2302979896,500
2019-03-12 07:15:00,77.2488006963,77.2488006963,77.2488006963,77.2488006963,600
2019-03-11 20:00:00,77.3228115233,77.33206287670001,77.3228115233,77.33206287670001,600
2019-03-11 16:15:00,77.2302979896,77.3135601699,77.0637736288,77.2302979896,96499
2019-03-11 16:00:00,77.1470358092,77.3043088166,77.0637736288,77.2395493429,697077
2019-03-11 15:45:00,77.01751686189999,77.1470358092,76.9620087416,77.1424101325,267087
2019-03-11 15:30:00,77.0360195686,77.1377844558,77.0082655085,77.0267682153,134727
2019-03-11 15:15:00,76.8833722379,77.0360195686,76.8569133673,77.0360195686,86805
2019-03-11 15:00:00,76.8602438545,76.9157519747,76.7584789673,76.8879979146,120047
2019-03-11 14:45:00,77.0730249822,77.0822763355,76.8509925011,76.8602438545,95889
2019-03-11 14:30:00,77.0360195686,77.1655385159,76.9990141551,77.06839930550001,105006
2019-03-11 14:15:00,77.0983736904,77.0983736904,76.9527573883,77.045270922,108689
2019-03-11 14:00:00,76.9157519747,77.119281749,76.8694952079,77.10077904229999,83208
2019-03-11 13:45:00,76.9250033281,76.98051144840001,76.8139870876,76.9157519747,66656
2019-03-11 13:30:00,76.7307249072,76.9435060349,76.7214735538,76.9435060349,69217
2019-03-11 13:15:00,76.74922761399999,76.8139870876,76.7029708471,76.7307249072,56650
2019-03-11 13:00:00,76.5642005464,76.8139870876,76.5086924262,76.7359981786,52797
2019-03-11 12:45:00,76.6197086667,76.6752167869,76.5225694562,76.5456978397,84330
2019-03-11 12:30:00,76.74922761399999,76.9203776514,76.6012059599,76.6012059599,89922
2019-03-11 12:15:00,76.6474627268,76.823238441,76.5827032532,76.74460193729999,98887
2019-03-11 12:00:00,76.53644648630001,76.7307249072,76.3976761856,76.6659654336,101957
2019-03-11 11:45:00,76.4994410728,76.59038187649999,76.33365682029999,76.5456978397,91485
2019-03-11 11:30:00,76.2727829151,76.6197086667,76.2727829151,76.4901897194,110891
2019-03-11 11:15:00,76.3421680654,76.4716870127,76.2126491181,76.2866599451,173800
2019-03-11 11:00:00,76.4161788924,76.5827032532,76.2959112985,76.369829612,256510
2019-03-11 10:45:00,75.7375921222,76.46252817279999,75.7315787425,76.406927539,202067
2019-03-11 10:30:00,75.6575679155,75.7963382162,75.6113111486,75.7167765771,83316
2019-03-11 10:15:00,75.07010697609999,75.7963382162,74.9637164122,75.694573329,173215
2019-03-11 10:00:00,74.3346243826,75.056229946,74.3068703225,75.056229946,145708
2019-03-11 09:45:00,74.417886563,74.79719205149999,74.164491994,74.3901325029,130434
2019-03-11 09:30:00,74.3161216759,74.3161216759,74.3161216759,74.3161216759,1000
2019-03-08 16:30:00,73.77954318,73.77954318,73.77954318,73.77954318,1438
2019-03-08 16:15:00,73.77954318,73.77954318,73.77954318,73.77954318,27131
2019-03-08 16:00:00,73.6870296462,73.9784472776,73.61301881920001,73.77954318,592272
2019-03-08 15:45:00,73.7240350597,73.7610404733,73.5390079922,73.6777782929,208912
2019-03-08 15:30:00,73.8720567138,73.8720567138,73.7331938996,73.7331938996,168942
2019-03-08 15:15:00,73.7749175033,73.8998107739,73.7147837064,73.8628053604,172099
2019-03-08 15:00:00,73.5343823155,73.78879453340001,73.4649971652,73.7702918266,176184
2019-03-08 14:45:00,73.11344573689999,73.6037674659,73.0903173534,73.5482593456,150186
2019-03-08 14:30:00,72.9106560709,73.1226970903,72.8914132558,73.11344573689999,92066
2019-03-08 14:15:00,72.84515648899999,72.9376700227,72.8174024288,72.9006646092,95241
2019-03-08 14:00:00,72.9654240829,72.9839267896,72.8142569687,72.8497821656,72099
2019-03-08 13:45:00,72.919167316,73.03018355649999,72.7156375417,72.9746754362,71653
2019-03-08 13:30:00,72.8266537822,72.9654240829,72.6786321282,72.9284186693,105759
2019-03-08 13:15:00,72.7341402484,72.8636591957,72.72488889510001,72.8319270536,55489
2019-03-08 13:00:00,72.919167316,72.9284186693,72.6989851056,72.7341402484,71842
2019-03-08 12:45:00,72.8821619025,73.0116808497,72.86976508890001,72.919167316,58156
2019-03-08 12:30:00,72.8821619025,72.9376700227,72.7988997221,72.8914132558,49985
2019-03-08 12:15:00,72.7711456619,72.9654240829,72.7433916018,72.8914132558,79513
2019-03-08 12:00:00,73.19670791729999,73.275344421,72.7711456619,72.7711456619,91973
2019-03-08 11:45:00,73.2707187443,73.3262268645,73.1689538571,73.2059592706,69709
2019-03-08 11:30:00,72.9885524663,73.3077241578,72.9469213761,73.2614673909,89364
2019-03-08 11:15:00,73.1041943835,73.1319484436,72.8266537822,72.9885524663,107625
2019-03-08 11:00:00,73.2938471277,73.5390079922,73.0209322031,73.1041943835,92219
2019-03-08 10:45:00,72.8729105491,73.29847280439999,72.7433916018,73.289221451,120689
2019-03-08 10:30:00,72.8174024288,72.99364071069999,72.66938077479999,72.8636591957,129452
2019-03-08 10:15:00,72.84515648899999,73.11344573689999,72.8081510754,72.8359051356,169396
2019-03-08 10:00:00,72.8532051664,73.1597025038,72.7803970153,72.84515648899999,165425
2019-03-08 09:45:00,73.77954318,73.77954318,72.7896483687,72.9098234491,432541
2019-03-08 09:30:00,73.8350513003,73.9368161874,73.77954318,73.9368161874,1450
2019-03-08 09:15:00,73.7332864131,73.7332864131,73.6592755861,73.6592755861,433
2019-03-08 09:00:00,73.7332864131,74.5566568637,73.7147837064,74.5566568637,8814
2019-03-08 08:45:00,74.0385810746,74.2976189691,74.0385810746,74.2976189691,1600
2019-03-08 08:15:00,73.82579994689999,73.82579994689999,73.5482593456,73.82579994689999,3004
2019-03-08 08:00:00,73.5852647591,73.5852647591,73.5852647591,73.5852647591,250
2019-03-08 07:45:00,73.7517891199,73.7517891199,73.5482593456,73.5482593456,1100
2019-03-08 07:15:00,74.4271379164,74.4271379164,74.4271379164,74.4271379164,430
2019-03-07 16:45:00,74.5566568637,74.5566568637,74.5566568637,74.5566568637,12409
2019-03-07 16:15:00,74.5566568637,74.5566568637,74.5566568637,74.5566568637,76697
2019-03-07 16:00:00,74.6954271643,74.7231812244,74.49189739,74.5566568637,400529
2019-03-07 15:45:00,74.5289028035,74.7324325778,74.5011487434,74.700052841,194172
2019-03-07 15:30:00,74.4271379164,74.58441092380001,74.3993838563,74.5196514502,100973
2019-03-07 15:15:00,74.4826460366,74.5011487434,74.3346243826,74.4225122397,85123
2019-03-07 15:00:00,74.5566568637,74.5705338937,74.4086352096,74.47802036,53090
2019-03-07 14:45:00,74.565908217,74.6306676907,74.4641433299,74.5382466704,51333
2019-03-07 14:30:00,74.5104000968,74.6392714493,74.4548919765,74.5566568637,45680
2019-03-07 14:15:00,74.58441092380001,74.6861758109,74.49189739,74.5196514502,53055
2019-03-07 14:00:00,74.64843028920001,74.7046785177,74.5566568637,74.565908217,45215
2019-03-07 13:45:00,74.8249461116,74.834197465,74.6491703974,74.6491703974,39183
2019-03-07 13:30:00,74.7555609613,74.8249461116,74.71392987109999,74.8249461116,39962
2019-03-07 13:15:00,74.8712028785,74.8991419657,74.6445447207,74.7509352846,30644
2019-03-07 13:00:00,74.71392987109999,75.0007218257,74.6954271643,74.8989569386,76942
2019-03-07 12:45:00,74.7324325778,74.8712028785,74.58441092380001,74.7231812244,51078
2019-03-07 12:30:00,74.7509352846,74.8346600326,74.5936622772,74.7416839312,45889
2019-03-07 12:15:00,74.6676731042,74.8804542318,74.6491703974,74.7416839312,119613
2019-03-07 12:00:00,74.71392987109999,74.7416839312,74.5011487434,74.67692445760001,85921
2019-03-07 11:45:00,74.49189739,74.9452137055,74.49189739,74.700052841,106742
2019-03-07 11:30:00,74.6029136305,74.6029136305,74.3993838563,74.4641433299,77824
2019-03-07 11:15:00,74.9267109987,74.9359623521,74.53815415689999,74.6029136305,75746
2019-03-07 11:00:00,75.0747326528,75.20425159999999,74.9267109987,74.9359623521,120842
2019-03-07 10:45:00,75.056229946,75.2135029534,74.9561303025,75.056229946,117380
2019-03-07 10:30:00,75.0192245325,75.1394921264,74.5751595704,75.056229946,129116
2019-03-07 10:15:00,75.0099731791,75.1764975399,74.76018663800001,75.056229946,101100
2019-03-07 10:00:00,75.0377272393,75.29676513380001,74.76018663800001,75.0007218257,172479
2019-03-07 09:45:00,75.33377054729999,75.5743057351,74.7046785177,75.0469785926,126975
2019-03-07 08:00:00,75.398530021,75.398530021,75.398530021,75.398530021,200
2019-03-06 16:30:00,75.2597597203,75.2597597203,75.2597597203,75.2597597203,1460
2019-03-06 16:15:00,75.2597597203,75.2597597203,75.2597597203,75.2597597203,343626
2019-03-06 16:00:00,75.2412570135,75.2782624271,75.1024867129,75.2412570135,349869
2019-03-06 15:45:00,75.2412570135,75.3522732541,75.1857488933,75.2505083669,134713
2019-03-06 15:30:00,75.2320056602,75.2597597203,75.02847588590001,75.2412570135,104620
2019-03-06 15:15:00,75.0932353595,75.2505083669,75.0932353595,75.2273799835,83851
2019-03-06 15:00:00,75.2690110737,75.33377054729999,75.0653887859,75.1024867129,73966
2019-03-06 14:45:00,75.3106421639,75.4355354345,75.2412570135,75.2690110737,111903
2019-03-06 14:30:00,75.3615246074,75.4077813743,75.2921394571,75.3097170285,53958
2019-03-06 14:15:00,75.1183990407,75.38465299090001,75.0950856302,75.3843754503,70780
2019-03-06 14:00:00,74.9637164122,75.1209894196,74.8989569386,75.1117380663,39347
2019-03-06 13:45:00,74.9267109987,75.0469785926,74.8989569386,74.9729677656,41251
2019-03-06 13:30:00,74.7416839312,74.9729677656,74.7416839312,74.908208292,55507
2019-03-06 13:15:00,74.79719205149999,74.85270017170001,74.7231812244,74.7509352846,45214
2019-03-06 13:00:00,74.79719205149999,74.85270017170001,74.7046785177,74.76018663800001,59144
2019-03-06 12:45:00,74.8619515251,74.9544650589,74.79719205149999,74.8156947582,48556
2019-03-06 12:30:00,75.2597597203,75.2782624271,74.834197465,74.85270017170001,66381
2019-03-06 12:15:00,75.20425159999999,75.3522732541,75.1579948332,75.2690110737,59790
2019-03-06 12:00:00,75.439791057,75.4910435547,75.1672461865,75.2181286301,66201
2019-03-06 11:45:00,75.7038246824,75.7500814493,75.4170327277,75.4333151096,97111
2019-03-06 11:30:00,75.82409227630001,75.8703490432,75.6113111486,75.6853219756,125726
2019-03-06 11:15:00,75.4355354345,75.8472206597,75.4301696495,75.8333436297,121048
2019-03-06 11:00:00,75.4447867878,75.7223273891,75.4355354345,75.4355354345,112658
2019-03-06 10:45:00,75.0469785926,75.4231386209,74.8897055852,75.4231386209,219291
2019-03-06 10:30:00,75.2412570135,75.2690110737,75.0007218257,75.0469785926,113719
2019-03-06 10:15:00,75.0469785926,75.4762413893,74.93485218970001,75.2227543068,133161
2019-03-06 10:00:00,75.1950002467,75.29676513380001,74.7509352846,75.0434630783,90096
2019-03-06 09:45:00,75.0377272393,75.2878838346,74.71392987109999,75.2135029534,146674
2019-03-05 19:45:00,74.9359623521,74.9359623521,74.9359623521,74.9359623521,360
2019-03-05 16:45:00,75.0747326528,75.0747326528,75.0747326528,75.0747326528,4674
2019-03-05 16:15:00,75.0747326528,75.0747326528,75.0747326528,75.0747326528,138237
2019-03-05 16:00:00,74.908208292,75.1764975399,74.8850799085,75.0747326528,521101
2019-03-05 15:45:00,74.9637164122,75.0053475024,74.7416839312,74.8989569386,189200
2019-03-05 15:30:00,74.7786893447,75.0377272393,74.76018663800001,74.9637164122,167528
2019-03-05 15:15:00,75.1071123896,75.1857488933,74.7786893447,74.7786893447,133451
2019-03-05 15:00:00,75.2320056602,75.2412570135,75.1024867129,75.1035043618,79102
2019-03-05 14:45:00,75.20425159999999,75.3892786676,75.20425159999999,75.2412570135,73713
2019-03-05 14:30:00,75.1579948332,75.2782624271,75.1117380663,75.1764975399,87388
2019-03-05 14:15:00,75.1443028302,75.1857488933,75.02847588590001,75.1579948332,84640
2019-03-05 14:00:00,75.1986082745,75.2320056602,75.14300764069999,75.14874347979999,50238
2019-03-05 13:45:00,75.130240773,75.2782624271,75.0747326528,75.1950002467,58750
2019-03-05 13:30:00,75.2412570135,75.3245191939,75.1209894196,75.1209894196,79536
2019-03-05 13:15:00,74.9544650589,75.2320056602,74.9267109987,75.2227543068,104188
2019-03-05 13:00:00,74.908208292,74.9960961491,74.8140295146,74.9544650589,60922
2019-03-05 12:45:00,74.8804542318,74.9452137055,74.85270017170001,74.9174596454,65751
2019-03-05 12:30:00,74.8712028785,74.9914704724,74.8156947582,74.8804542318,126855
2019-03-05 12:15:00,74.9914704724,75.0099731791,74.8619515251,74.8804542318,61635
2019-03-05 12:00:00,74.94058802880001,75.056229946,74.79256637479999,74.9914704724,84319
2019-03-05 11:45:00,74.6399190441,74.9544650589,74.4890294705,74.9174596454,128636
2019-03-05 11:30:00,75.0747326528,75.1746472692,74.6029136305,74.62604201399999,131012
2019-03-05 11:15:00,75.02847588590001,75.2273799835,74.9452137055,75.0886096828,95168
2019-03-05 11:00:00,74.9729677656,75.14874347979999,74.9267109987,75.02847588590001,106676
2019-03-05 10:45:00,75.2227543068,75.3430219007,74.9174596454,74.9637164122,134131
2019-03-05 10:30:00,75.1236723121,75.3707759608,75.0839840061,75.1950002467,145171
2019-03-05 10:15:00,75.4170327277,75.5650543817,75.06548129939999,75.1209894196,128046
2019-03-05 10:00:00,75.50954626149999,75.5650543817,75.1718718632,75.3892786676,195031
2019-03-05 09:45:00,76.3236653586,76.3236653586,75.5002949081,75.5398907005,150016
2019-03-05 09:30:00,76.5086924262,76.5086924262,76.5086924262,76.5086924262,142
2019-03-05 09:15:00,76.5827032532,76.5827032532,76.5827032532,76.5827032532,200
2019-03-04 18:30:00,76.3514194188,76.3514194188,76.3514194188,76.3514194188,325
2019-03-04 17:00:00,76.3514194188,76.3514194188,76.3514194188,76.3514194188,11088
2019-03-04 16:15:00,76.3514194188,76.3514194188,76.3514194188,76.3514194188,795837
2019-03-04 16:00:00,76.3236653586,76.406927539,76.18026938130001,76.3791734789,320451
2019-03-04 15:45:00,76.0646274641,76.332916712,76.0646274641,76.3144140053,132073
2019-03-04 15:30:00,75.8333436297,76.13401261439999,75.8055895695,76.0646274641,79363
2019-03-04 15:15:00,75.7745975357,75.86109768979999,75.67607062229999,75.8333436297,59084
2019-03-04 15:00:00,75.842594983,75.9443598702,75.7500814493,75.77783550939999,47004
2019-03-04 14:45:00,75.9351085168,75.9351085168,75.8055895695,75.8518463364,52912
2019-03-04 14:30:00,75.82409227630001,75.9443598702,75.6621935922,75.9258571634,72280
2019-03-04 14:15:00,75.6575679155,75.82409227630001,75.6575679155,75.82409227630001,59543
2019-03-04 14:00:00,75.2505083669,75.694573329,75.2032339512,75.6668192689,74692
2019-03-04 13:45:00,75.2597597203,75.2875137804,75.1209894196,75.2412570135,77713
2019-03-04 13:30:00,75.0377272393,75.3430219007,75.0192245325,75.2782624271,73037
2019-03-04 13:15:00,75.1256150963,75.1256150963,74.85270017170001,75.02847588590001,77124
2019-03-04 13:00:00,75.3430219007,75.3430219007,75.0099731791,75.14874347979999,90291
2019-03-04 12:45:00,75.7500814493,75.7593328026,75.2875137804,75.3245191939,84694
2019-03-04 12:30:00,75.9721139303,76.0091193438,75.6575679155,75.7593328026,166247
2019-03-04 12:15:00,76.1016328776,76.1941464114,75.95361122359999,75.95361122359999,140798
2019-03-04 12:00:00,76.3791734789,76.4994410728,76.04612475729999,76.110884231,106372
2019-03-04 11:45:00,76.332916712,76.4624356593,76.2496545316,76.38842483229999,104384
2019-03-04 11:30:00,76.4716870127,76.5642005464,76.2959112985,76.3144140053,122144
2019-03-04 11:15:00,76.4901897194,76.57345189979999,76.3606707721,76.4716870127,45042
2019-03-04 11:00:00,76.4716870127,76.6012059599,76.4254302458,76.4994410728,62128
2019-03-04 10:45:00,76.7584789673,76.8047357342,76.4624356593,76.4716870127,60454
2019-03-04 10:30:00,76.6474627268,76.7399762606,76.5271951329,76.71222220050001,88010
2019-03-04 10:15:00,76.8417411477,76.8602438545,76.5827957667,76.6197086667,102181
2019-03-04 10:00:00,77.2580520497,77.2765547564,76.8139870876,76.8500673658,76719
2019-03-04 09:45:00,77.3968223503,77.4060737037,76.8787465612,77.2969077339,97553
2019-03-04 09:15:00,76.83248979439999,76.8602438545,76.83248979439999,76.8602438545,1128
2019-03-01 19:00:00,76.7862330275,76.7862330275,76.7862330275,76.7862330275,100
2019-03-01 18:45:00,76.6844681403,76.6844681403,76.6844681403,76.6844681403,176
2019-03-01 18:30:00,76.6844681403,76.6844681403,76.6844681403,76.6844681403,100
2019-03-01 17:45:00,76.6844681403,76.6844681403,76.6844681403,76.6844681403,27780
2019-03-01 17:00:00,76.6567140802,76.6752167869,76.6567140802,76.6752167869,600
2019-03-01 16:45:00,76.6844681403,76.6844681403,76.6844681403,76.6844681403,32795
2019-03-01 16:15:00,76.6844681403,76.6844681403,76.6844681403,76.6844681403,129412
2019-03-01 16:00:00,76.57345189979999,76.7584789673,76.3606707721,76.6937194937,455887
2019-03-01 15:45:00,76.5456978397,76.5688262231,76.4115532157,76.5549491931,168992
2019-03-01 15:30:00,76.4763126893,76.5549491931,76.4485586292,76.53644648630001,75067
2019-03-01 15:15:00,76.4485586292,76.5179437795,76.3699221255,76.480938366,77824
2019-03-01 15:00:00,76.43865968109999,76.5271951329,76.3976761856,76.4531843059,83853
2019-03-01 14:45:00,76.53644648630001,76.5456978397,76.3236653586,76.4439329525,91094
2019-03-01 14:30:00,76.3976761856,76.5642005464,76.332916712,76.5179437795,72000
2019-03-01 14:15:00,76.2959112985,76.4439329525,76.2935984602,76.3976761856,96241
2019-03-01 14:00:00,76.2811091331,76.3144140053,76.2126491181,76.2959112985,45891
2019-03-01 13:45:00,76.3606707721,76.40230186229999,76.2496545316,76.2774085917,59274
2019-03-01 13:30:00,76.40230186229999,76.406927539,76.2959112985,76.3514194188,56944
2019-03-01 13:15:00,76.38842483229999,76.4018392947,76.2774085917,76.3976761856,62306
2019-03-01 13:00:00,76.3514194188,76.4161788924,76.3144140053,76.38842483229999,51786
2019-03-01 12:45:00,76.26815723840001,76.480938366,76.2311518249,76.3606707721,76670
2019-03-01 12:30:00,76.1478896445,76.2959112985,76.0646274641,76.26815723840001,39998
2019-03-01 12:15:00,76.0600017874,76.1756437046,75.9998679904,76.1571409978,54576
2019-03-01 12:00:00,76.1571409978,76.2866599451,75.976739607,76.04612475729999,76563
2019-03-01 11:45:00,76.0704558167,76.1941464114,76.0183706972,76.1571409978,46449
2019-03-01 11:30:00,75.9443598702,76.0738788175,75.9258571634,76.0646274641,49722
2019-03-01 11:15:00,76.3699221255,76.38842483229999,75.9073544567,75.9721139303,69974
2019-03-01 11:00:00,76.3560450954,76.40230186229999,76.2311518249,76.3514194188,75738
2019-03-01 10:45:00,76.3699221255,76.3976761856,76.1386382911,76.3606707721,102283
2019-03-01 10:30:00,76.57659736,76.57659736,76.2635315617,76.3514194188,66128
2019-03-01 10:15:00,76.4531843059,76.6474627268,76.38842483229999,76.5827032532,80276
2019-03-01 10:00:00,76.3606707721,76.6937194937,76.3606707721,76.4994410728,82441
2019-03-01 09:45:00,75.9721139303,76.5642005464,75.8148409229,76.4050772683,200336
2019-03-01 08:15:00,75.5835570885,75.5835570885,75.5835570885,75.5835570885,250
2019-02-28 18:00:00,75.4540381412,75.4540381412,75.4540381412,75.4540381412,4400
2019-02-28 16:15:00,75.4540381412,75.45801622319999,75.4540381412,75.4540381412,278428
2019-02-28 16:00:00,75.5743057351,75.6390652087,75.4262840811,75.4540381412,398868
2019-02-28 15:45:00,75.7223273891,75.7315787425,75.5696800584,75.5743057351,189496
2019-02-28 15:30:00,75.694573329,75.7963382162,75.6390652087,75.7362044192,103915
2019-02-28 15:15:00,75.7223273891,76.8694952079,75.6668192689,75.6853219756,80693
2019-02-28 15:00:00,75.6853219756,75.7408300959,75.6020597952,75.7269530658,66785
2019-02-28 14:45:00,75.694573329,75.7130760358,75.6251881787,75.67607062229999,68285
2019-02-28 14:30:00,75.5373003216,75.7870868628,75.5280489682,75.6853219756,68194
2019-02-28 14:15:00,75.7038246824,75.7223273891,75.4910435547,75.5373003216,109641
2019-02-28 14:00:00,75.7408300959,75.82409227630001,75.6668192689,75.7038246824,69310
2019-02-28 13:45:00,75.8559169319,75.9998679904,75.7408300959,75.7408300959,116635
2019-02-28 13:30:00,75.8148409229,75.91660581010001,75.8055895695,75.86109768979999,57244
2019-02-28 13:15:00,75.8333436297,75.8796003965,75.7593328026,75.8194665996,58297
2019-02-28 13:00:00,75.82409227630001,75.86109768979999,75.7130760358,75.8333436297,74225
2019-02-28 12:45:00,76.0728611686,76.0728611686,75.8148409229,75.82409227630001,56240
2019-02-28 12:30:00,75.9813652837,76.124761261,75.9813652837,76.0738788175,48473
2019-02-28 12:15:00,75.91660581010001,76.0553761107,75.86109768979999,75.9813652837,77129
2019-02-28 12:00:00,75.9998679904,76.0276220506,75.86109768979999,75.9208614326,59429
2019-02-28 11:45:00,75.842594983,76.1293869377,75.8055895695,75.9998679904,117825
2019-02-28 11:30:00,75.67607062229999,75.8888517499,75.6575679155,75.8703490432,120169
2019-02-28 11:15:00,75.6113111486,75.7500814493,75.4632894946,75.694573329,91881
2019-02-28 11:00:00,75.7870868628,75.8703490432,75.5373003216,75.620562502,78627
2019-02-28 10:45:00,75.6806962989,75.9813652837,75.6668192689,75.7600729109,81169
2019-02-28 10:30:00,75.95361122359999,75.9721139303,75.5187976148,75.694573329,77248
2019-02-28 10:15:00,76.0831301708,76.1663923512,75.7177017125,75.95361122359999,142153
2019-02-28 10:00:00,76.4439329525,76.5642005464,75.9628625769,76.1478896445,119695
2019-02-28 09:45:00,76.8694952079,77.0637736288,76.2774085917,76.4346815992,149059
2019-02-28 09:30:00,76.7862330275,76.7862330275,76.7862330275,76.7862330275,1100
2019-02-28 09:15:00,76.897249268,76.897249268,76.897249268,76.897249268,163
2019-02-28 07:15:00,76.8694952079,76.8694952079,76.8694952079,76.8694952079,237
2019-02-27 18:30:00,77.0822763355,77.0822763355,77.0822763355,77.0822763355,1800
2019-02-27 16:15:00,76.8694952079,76.8694952079,76.8694952079,76.8694952079,60733
2019-02-27 16:00:00,76.9527573883,76.971260095,76.7029708471,76.8787465612,548125
2019-02-27 15:45:00,77.01751686189999,77.0822763355,76.9111262981,76.9481317116,188552
2019-02-27 15:30:00,77.2994055993,77.3089344933,76.971260095,77.0082655085,117383
2019-02-27 15:15:00,77.3505655835,77.3968223503,77.2673034031,77.2950574632,119948
2019-02-27 15:00:00,77.4430791172,77.4522379571,77.2707264038,77.3459399068,105757
2019-02-27 14:45:00,77.4153250571,77.4708331774,77.3968223503,77.4338277638,99112
2019-02-27 14:30:00,77.4430791172,77.4893358841,77.387570997,77.4245764105,79307
2019-02-27 14:15:00,77.475458854,77.475458854,77.4060737037,77.4430791172,69243
2019-02-27 14:00:00,77.5864750946,77.62810618479999,77.4106993804,77.4800845307,61366
2019-02-27 13:45:00,77.6373575381,77.7141437712,77.5725980645,77.5864750946,38842
2019-02-27 13:30:00,77.5540953577,77.7075753103,77.54484400439999,77.6373575381,55788
2019-02-27 13:15:00,77.5402183277,77.54484400439999,77.4060737037,77.54484400439999,55421
2019-02-27 13:00:00,77.6743629516,77.6743629516,77.4338277638,77.5402183277,86103
2019-02-27 12:45:00,77.77612783880001,77.831635959,77.6651115983,77.6651115983,61129
2019-02-27 12:30:00,77.7483737787,77.831635959,77.7113683652,77.7668764854,48403
2019-02-27 12:15:00,77.9102724628,77.9519035529,77.7206197185,77.757625132,41349
2019-02-27 12:00:00,77.8408873124,77.9426521996,77.7668764854,77.9056467861,45543
2019-02-27 11:45:00,77.77612783880001,77.9519035529,77.7113683652,77.831635959,82266
2019-02-27 11:30:00,78.1214808603,78.1323049438,77.757625132,77.7853791922,89262
2019-02-27 11:15:00,77.9611549063,78.22019280090001,77.9148981394,78.1184279137,78911
2019-02-27 11:00:00,77.9334008462,77.98890896649999,77.7021170118,77.9611549063,49344
2019-02-27 10:45:00,77.54484400439999,77.9704062597,77.54484400439999,77.9241494928,72752
2019-02-27 10:30:00,77.76576632300001,77.8038818989,77.387570997,77.5251386217,60744
2019-02-27 10:15:00,77.9796576131,78.1831873874,77.62810618479999,77.7946305455,116112
2019-02-27 10:00:00,77.98428328979999,78.02591438,77.7578101591,77.98890896649999,89948
2019-02-27 09:45:00,78.173936034,78.2757009211,77.7206197185,77.9565292296,161587
2019-02-27 09:30:00,78.4514766353,78.46988682850001,78.2664495678,78.2664495678,5807
2019-02-27 09:15:00,78.6365037028,78.6365037028,78.6365037028,78.6365037028,200
2019-02-27 08:45:00,78.5439901691,78.6365037028,78.3589631015,78.3589631015,300
2019-02-27 08:30:00,78.3589631015,78.3589631015,78.3589631015,78.3589631015,100
2019-02-27 08:15:00,78.3127063346,78.3127063346,78.3127063346,78.3127063346,2500
2019-02-27 07:15:00,78.247946861,78.247946861,78.247946861,78.247946861,500
2019-02-26 17:00:00,78.2664495678,78.2664495678,78.2664495678,78.2664495678,269
2019-02-26 16:15:00,78.0906738536,78.0906738536,78.0906738536,78.0906738536,154366
2019-02-26 16:00:00,78.2757009211,78.2942036279,78.0629197935,78.0906738536,198551
2019-02-26 15:45:00,78.3034549813,78.3682144549,78.2386955076,78.2770886241,120237
2019-02-26 15:30:00,78.4514766353,78.5624928758,78.2757009211,78.2942036279,71861
2019-02-26 15:15:00,78.4144712218,78.5866389081,78.395968515,78.4422252819,64960
2019-02-26 15:00:00,78.4329739285,78.4514766353,78.34046039479999,78.4005941917,44910
2019-02-26 14:45:00,78.247946861,78.4360268752,78.247946861,78.4144712218,41693
2019-02-26 14:30:00,78.1831873874,78.2849522745,78.099925207,78.2664495678,41842
2019-02-26 14:15:00,78.25719821439999,78.3040100625,78.16931035729999,78.1831873874,54986
2019-02-26 14:00:00,78.2063157708,78.3127063346,78.2063157708,78.2294441543,31410
2019-02-26 13:45:00,78.4237225752,78.4237225752,78.2109414475,78.2109414475,59595
2019-02-26 13:30:00,78.57174422920001,78.6457550562,78.4237225752,78.4237225752,39200
2019-02-26 13:15:00,78.469979342,78.5902469359,78.469979342,78.5833084209,31593
2019-02-26 13:00:00,78.57174422920001,78.5902469359,78.4514766353,78.4884820488,30064
2019-02-26 12:45:00,78.5809955826,78.6180009961,78.52548746229999,78.5532415224,34263
2019-02-26 12:30:00,78.6827604697,78.7197658832,78.5532415224,78.5763699059,31083
2019-02-26 12:15:00,78.8955415974,78.8955415974,78.5902469359,78.6735091163,53082
2019-02-26 12:00:00,78.8492848305,78.9186699808,78.8215307704,78.8955415974,39618
2019-02-26 11:45:00,78.8585361839,78.96955242439999,78.8307821237,78.8585361839,34525
2019-02-26 11:30:00,78.812279417,78.9880551312,78.78452535689999,78.86778753729999,57494
2019-02-26 11:15:00,78.5624928758,78.8030280636,78.5439901691,78.7937767102,68285
2019-02-26 11:00:00,78.664257763,78.7660226501,78.5532415224,78.5809955826,40644
2019-02-26 10:45:00,78.664257763,78.88166456729999,78.5809955826,78.6827604697,52456
2019-02-26 10:30:00,78.7105145298,78.8955415974,78.5624928758,78.6318780261,56798
2019-02-26 10:15:00,78.7105145298,78.9880551312,78.6180009961,78.6735091163,74532
2019-02-26 10:00:00,78.8261564471,78.9417983643,78.57174422920001,78.7069990156,91967
2019-02-26 09:45:00,78.6365037028,79.3303552061,78.6365037028,78.8030280636,116628
2019-02-26 09:30:00,78.4052198684,78.4052198684,78.4052198684,78.4052198684,595
2019-02-25 20:00:00,78.5994982893,78.5994982893,78.5994982893,78.5994982893,1000
2019-02-25 19:15:00,78.5994982893,78.5994982893,78.5994982893,78.5994982893,300
2019-02-25 18:45:00,78.5902469359,78.5902469359,78.5902469359,78.5902469359,170
2019-02-25 16:45:00,78.5994982893,78.5994982893,78.5994982893,78.5994982893,100
2019-02-25 16:15:00,78.6180009961,78.6180009961,78.6180009961,78.6180009961,12443
2019-02-25 16:00:00,78.7105145298,78.7105145298,78.5162361089,78.5902469359,295920
2019-02-25 15:45:00,78.52548746229999,78.7105145298,78.52548746229999,78.7105145298,90285
2019-02-25 15:30:00,78.7105145298,78.7660226501,78.5069847556,78.52548746229999,70478
2019-02-25 15:15:00,78.8955415974,78.9140443041,78.6827604697,78.69663749979999,98158
2019-02-25 15:00:00,78.8761137553,78.960301071,78.8724132139,78.8770388906,37798
2019-02-25 14:45:00,78.86778753729999,78.9047929508,78.8307821237,78.86778753729999,46470
2019-02-25 14:30:00,78.8724132139,78.9417983643,78.8400334771,78.8605714816,34330
2019-02-25 14:15:00,78.8770388906,78.9880551312,78.8585361839,78.8770388906,33889
2019-02-25 14:00:00,78.8215307704,78.9047929508,78.7891510335,78.8770388906,29562
2019-02-25 13:45:00,78.8307821237,78.8492848305,78.7197658832,78.8261564471,34466
2019-02-25 13:30:00,78.8215307704,78.886290244,78.7937767102,78.8307821237,32344
2019-02-25 13:15:00,78.8400334771,78.8955415974,78.7660226501,78.8215307704,35458
2019-02-25 13:00:00,78.7567712967,78.886290244,78.7290172366,78.8585361839,43262
2019-02-25 12:45:00,78.9880551312,78.9973064845,78.7290172366,78.7567712967,52704
2019-02-25 12:30:00,79.0457835762,79.1268254318,78.960301071,78.9880551312,42201
2019-02-25 12:15:00,78.960301071,79.0713173115,78.9417983643,79.0435632514,42292
2019-02-25 12:00:00,78.8492848305,79.0250605447,78.8215307704,78.96955242439999,37276
2019-02-25 11:45:00,78.7937767102,78.960301071,78.7752740035,78.8307821237,42087
2019-02-25 11:30:00,78.78452535689999,78.8400334771,78.7567712967,78.7937767102,36546
2019-02-25 11:15:00,78.960301071,79.1118382393,78.7937767102,78.7937767102,56440
2019-02-25 11:00:00,78.8030280636,79.0453210086,78.7197658832,78.96955242439999,57934
2019-02-25 10:45:00,78.74751994340001,78.8030280636,78.6457550562,78.7752740035,60737
2019-02-25 10:30:00,79.0065578379,79.0435632514,78.664257763,78.74751994340001,65836
2019-02-25 10:15:00,79.108322725,79.1823335521,78.9047929508,78.9973064845,52484
2019-02-25 10:00:00,78.9417983643,79.2470930257,78.7752740035,79.108322725,53428
2019-02-25 09:45:00,78.7290172366,79.2285903189,78.7290172366,78.9232956575,95479
2019-02-25 09:30:00,79.1823335521,79.1823335521,79.1823335521,79.1823335521,100
2019-02-25 08:45:00,78.9325470109,78.9325470109,78.9325470109,78.9325470109,299
2019-02-25 07:15:00,79.0065578379,79.0065578379,78.9973064845,78.9973064845,843
2019-02-22 19:45:00,78.9325470109,78.9325470109,78.9325470109,78.9325470109,500
2019-02-22 17:00:00,78.9325470109,78.9325470109,78.9325470109,78.9325470109,2136
2019-02-22 16:30:00,78.9325470109,78.9325470109,78.9325470109,78.9325470109,700
2019-02-22 16:15:00,78.9325470109,78.9325470109,78.9325470109,78.9325470109,161414
2019-02-22 16:00:00,78.9510497176,78.9834294545,78.8169050937,78.9417983643,376940
2019-02-22 15:45:00,78.9325470109,78.9556753943,78.8215307704,78.9417983643,185594
2019-02-22 15:30:00,78.74751994340001,78.960301071,78.6920118231,78.9325470109,100254
2019-02-22 15:15:00,78.7290172366,78.8030280636,78.70126317649999,78.74751994340001,152569
2019-02-22 15:00:00,78.74751994340001,78.8354078004,78.6920118231,78.73826859,78444
2019-02-22 14:45:00,78.9566005297,79.0157166777,78.6827604697,78.7641723794,79793
2019-02-22 14:30:00,79.0620659582,79.0620659582,78.9403181477,78.9568780703,58960
2019-02-22 14:15:00,78.9880551312,79.0990713717,78.886290244,79.0713173115,59591
2019-02-22 14:00:00,79.0851943416,79.094445695,78.9556753943,78.9880551312,98840
2019-02-22 13:45:00,79.1915849054,79.2470930257,79.0805686649,79.0805686649,51194
2019-02-22 13:30:00,79.0898200183,79.2193389656,79.05281460479999,79.1823335521,47675
2019-02-22 13:15:00,79.1592051686,79.2008362588,79.034311898,79.0824189356,56198
2019-02-22 13:00:00,79.1730821987,79.2748470858,79.108322725,79.1730821987,109395
2019-02-22 12:45:00,78.812279417,79.1935276896,78.7660226501,79.168456522,235591
2019-02-22 12:30:00,78.7105145298,78.8307821237,78.6180009961,78.8030280636,53824
2019-02-22 12:15:00,78.7752740035,78.8400334771,78.6920118231,78.70126317649999,57471
2019-02-22 12:00:00,78.9325470109,78.9417983643,78.664257763,78.78452535689999,63351
2019-02-22 11:45:00,78.9325470109,79.1360767852,78.9168197101,78.9186699808,57377
2019-02-22 11:30:00,78.664257763,79.0065578379,78.65435881479999,78.9308817673,55522
2019-02-22 11:15:00,78.52548746229999,78.7197658832,78.52548746229999,78.664257763,86097
2019-02-22 11:00:00,78.469979342,78.5693388773,78.3034549813,78.52548746229999,129767
2019-02-22 10:45:00,78.5532415224,78.5902469359,78.22019280090001,78.4329739285,87722
2019-02-22 10:30:00,79.034311898,79.1314511085,78.4329739285,78.52548746229999,90997
2019-02-22 10:15:00,79.3396065595,79.3673606196,78.9275512801,79.0435632514,78125
2019-02-22 10:00:00,79.0250605447,79.6356498675,79.01580919130001,79.3396065595,113337
2019-02-22 09:45:00,78.7660226501,79.3581092662,78.74751994340001,79.0620659582,156177
2019-02-22 09:30:00,78.7567712967,78.812279417,78.6272523495,78.7567712967,500
2019-02-22 08:15:00,78.1831873874,78.1831873874,78.1831873874,78.1831873874,100
2019-02-21 17:30:00,78.173936034,78.173936034,78.173936034,78.173936034,100
2019-02-21 16:15:00,78.1554333272,78.1554333272,78.1554333272,78.1554333272,38715
2019-02-21 16:00:00,78.0629197935,78.2016900941,78.0629197935,78.1554333272,358962
2019-02-21 15:45:00,78.2155671242,78.2386955076,78.0444170867,78.0721711468,163712
2019-02-21 15:30:00,78.3034549813,78.3774658083,78.22019280090001,78.22019280090001,78833
2019-02-21 15:15:00,78.2294441543,78.3682144549,78.1461819739,78.3034549813,80702
2019-02-21 15:00:00,78.5162361089,78.5208617856,78.22019280090001,78.247946861,116172
2019-02-21 14:45:00,78.4144712218,78.5439901691,78.4114182752,78.5208617856,80423
2019-02-21 14:30:00,78.469979342,78.469979342,78.37755832180001,78.4144712218,76475
2019-02-21 14:15:00,78.5347388157,78.5902469359,78.4514766353,78.4607279887,61858
2019-02-21 14:00:00,78.5849736645,78.6180009961,78.4946804556,78.52548746229999,52886
2019-02-21 13:45:00,78.4052198684,78.6087496427,78.4052198684,78.5809955826,49793
2019-02-21 13:30:00,78.5532415224,78.57174422920001,78.3939332173,78.3939332173,55586
2019-02-21 13:15:00,78.5162361089,78.5994982893,78.4422252819,78.5532415224,68699
2019-02-21 13:00:00,78.5116104322,78.5902469359,78.4514766353,78.5162361089,52130
2019-02-21 12:45:00,78.5624928758,79.1086927792,78.4989360781,78.5162361089,82081
2019-02-21 12:30:00,78.6827604697,78.7660226501,78.5439901691,78.5532415224,51011
2019-02-21 12:15:00,79.0435632514,79.0713173115,78.6796150096,78.7105145298,113404
2019-02-21 12:00:00,79.3583868068,79.4228687399,79.0435632514,79.0620659582,125703
2019-02-21 11:45:00,79.5523876871,79.5787540443,79.3303552061,79.376611973,110582
2019-02-21 11:30:00,79.7374147547,79.8946877621,79.5523876871,79.5523876871,130135
2019-02-21 11:15:00,79.1175740784,79.7281634013,79.108322725,79.7096606945,187084
2019-02-21 11:00:00,79.0250605447,79.2008362588,78.9417983643,79.1453281386,122995
2019-02-21 10:45:00,78.9140443041,79.0435632514,78.8307821237,79.0435632514,83519
2019-02-21 10:30:00,79.0898200183,79.2285903189,78.8307821237,78.9047929508,77758
2019-02-21 10:15:00,79.5960540751,79.6263985141,79.0620659582,79.0805686649,86768
2019-02-21 10:00:00,79.3396065595,79.6819066344,79.2840984392,79.6356498675,85572
2019-02-21 09:45:00,79.05281460479999,79.6449012209,78.86778753729999,79.4136173865,158262
2019-02-21 09:00:00,78.96955242439999,78.96955242439999,78.96955242439999,78.96955242439999,168
2019-02-21 08:45:00,79.05281460479999,79.05281460479999,79.05281460479999,79.05281460479999,193
2019-02-21 08:15:00,79.2840984392,79.2840984392,79.2840984392,79.2840984392,108
2019-02-21 07:30:00,79.2840984392,79.2840984392,79.2840984392,79.2840984392,100
2019-02-20 18:15:00,79.0990713717,79.0990713717,79.0990713717,79.0990713717,150
2019-02-20 16:45:00,79.0990713717,79.0990713717,79.0990713717,79.0990713717,200
2019-02-20 16:30:00,79.034311898,79.034311898,79.034311898,79.034311898,6231
2019-02-20 16:15:00,79.034311898,79.034311898,79.034311898,79.034311898,346466
2019-02-20 16:00:00,79.2054619355,79.22396464229999,78.8307821237,79.0435632514,486961
2019-02-20 15:45:00,79.2618026776,79.3118524993,79.1915849054,79.2008362588,151785
2019-02-20 15:30:00,79.2655957325,79.3488579128,79.2285903189,79.2655957325,87316
2019-02-20 15:15:00,79.2655957325,79.3396065595,79.1545794919,79.2563443791,109976
2019-02-20 15:00:00,79.4321200932,79.4321200932,79.2470930257,79.2655957325,100901
2019-02-20 14:45:00,79.1730821987,79.5616390405,79.1730821987,79.4145425218,131832
2019-02-20 14:30:00,79.3765194594,79.4043660331,79.01580919130001,79.2008362588,86880
2019-02-20 14:15:00,79.4506228,79.5431363338,79.1823335521,79.3673606196,112422
2019-02-20 14:00:00,79.6722852269,79.7281634013,79.4413714466,79.4506228,100139
2019-02-20 13:45:00,79.4691255067,79.672655281,79.4552484767,79.672655281,73286
2019-02-20 13:30:00,79.3534835895,79.4783768601,79.3061166602,79.4691255067,52481
2019-02-20 13:15:00,79.2378416723,79.3673606196,79.2285903189,79.3514482918,60123
2019-02-20 13:00:00,79.108322725,79.2567144332,79.0805686649,79.242467349,84074
2019-02-20 12:45:00,79.0065578379,79.1638308453,78.9140443041,79.1175740784,88446
2019-02-20 12:30:00,79.3256370159,79.3303552061,78.9788037778,79.0065578379,83429
2019-02-20 12:15:00,79.2470930257,79.3581092662,79.108322725,79.3396065595,163130
2019-02-20 12:00:00,79.1869592288,79.2840984392,79.1453281386,79.2563443791,71516
2019-02-20 11:45:00,79.1915849054,79.2378416723,79.034311898,79.1730821987,70677
2019-02-20 11:30:00,79.4228687399,79.58014174729999,79.1360767852,79.1953779603,121115
2019-02-20 11:15:00,79.2470930257,79.4693105338,79.168456522,79.4413714466,109133
2019-02-20 11:00:00,79.3391439918,79.3858633264,79.1175740784,79.2378416723,106917
2019-02-20 10:45:00,78.6920118231,79.37198629630001,78.6735091163,79.3303552061,193625
2019-02-20 10:30:00,78.3681219414,78.6920118231,78.3265833647,78.6920118231,155435
2019-02-20 10:15:00,78.5532415224,78.5624928758,78.2664495678,78.3589631015,96861
2019-02-20 10:00:00,78.74751994340001,78.7937767102,78.395968515,78.5624928758,94673
2019-02-20 09:45:00,78.4052198684,79.1545794919,78.4052198684,78.78452535689999,169693
2019-02-20 08:45:00,78.5809955826,78.8585361839,78.5809955826,78.8585361839,920
2019-02-20 07:30:00,78.4422252819,78.4422252819,78.4422252819,78.4422252819,210
2019-02-20 07:15:00,78.3589631015,78.3589631015,78.3589631015,78.3589631015,100
2019-02-19 20:00:00,78.3589631015,78.3589631015,78.3589631015,78.3589631015,100
2019-02-19 16:15:00,78.4422252819,78.4422252819,78.4422252819,78.4422252819,11904
2019-02-19 16:00:00,78.52548746229999,78.5347388157,78.4052198684,78.4422252819,244213
2019-02-19 15:45:00,78.4792306954,78.5532415224,78.4607279887,78.52548746229999,86513
2019-02-19 15:30:00,78.52548746229999,78.57174422920001,78.4514766353,78.4884820488,66101
2019-02-19 15:15:00,78.3497117482,78.5347388157,78.3312090414,78.52548746229999,86854
2019-02-19 15:00:00,78.3312090414,78.378113403,78.2942036279,78.34046039479999,50064
2019-02-19 14:45:00,78.3867171617,78.4237225752,78.3127063346,78.34046039479999,47067
2019-02-19 14:30:00,78.25719821439999,78.4052198684,78.2369377505,78.3867171617,33445
2019-02-19 14:15:00,78.2757009211,78.367011779,78.22019280090001,78.2757009211,33431
2019-02-19 14:00:00,78.1091765604,78.2849522745,78.099925207,78.2849522745,37379
2019-02-19 13:45:00,78.1184279137,78.1461819739,78.0536684401,78.0906738536,28906
2019-02-19 13:30:00,78.1535830566,78.1831873874,78.0536684401,78.1276792671,28407
2019-02-19 13:15:00,78.1646846806,78.25719821439999,78.0775369318,78.1184279137,34620
2019-02-19 13:00:00,78.173936034,78.2386955076,78.1461819739,78.1646846806,34080
2019-02-19 12:45:00,78.3127063346,78.3127063346,78.1646846806,78.2016900941,34360
2019-02-19 12:30:00,78.3034549813,78.4052198684,78.2849522745,78.3312090414,36364
2019-02-19 12:15:00,78.3589631015,78.4237225752,78.2942036279,78.3127063346,27607
2019-02-19 12:00:00,78.1554333272,78.4052198684,78.1554333272,78.3517470459,46045
2019-02-19 11:45:00,77.9981603198,78.1646846806,77.9750319364,78.1583937603,49579
2019-02-19 11:30:00,77.9427447131,78.0351657333,77.8593900192,78.0074116732,54643
2019-02-19 11:15:00,77.8686413726,78.0166630266,77.7853791922,77.9704062597,54460
2019-02-19 11:00:00,77.9148981394,77.9241494928,77.7021170118,77.8501386658,55709
2019-02-19 10:45:00,78.099925207,78.1369306205,77.8686413726,77.9148981394,49127
2019-02-19 10:30:00,78.1625568693,78.3010496294,78.0906738536,78.1091765604,97702
2019-02-19 10:15:00,77.9750319364,78.1369306205,77.8038818989,78.1369306205,84537
2019-02-19 10:00:00,78.321957688,78.6180009961,77.8408873124,77.8871440793,119088
2019-02-19 09:45:00,77.8038818989,78.4163214925,77.535592651,78.3312090414,153868
2019-02-19 09:15:00,78.1276792671,78.1276792671,78.0814225002,78.0814225002,900
