time,open,high,low,close,volume
2020-08-10 16:15:00,39.3912956555,39.3912956555,39.3912956555,39.3912956555,22529
2020-08-10 16:00:00,39.5304523901,39.5304523901,39.3664462386,39.3912956555,307201
2020-08-10 15:45:00,39.5503319236,39.580151223899996,39.5205126233,39.5304523901,110820
2020-08-10 15:30:00,39.5384042035,39.5652415738,39.5056029732,39.5453620402,104323
2020-08-10 15:15:00,39.4012354223,39.5453620402,39.396265538899996,39.5354222735,55517
2020-08-10 15:00:00,39.4509342561,39.4559041394,39.3664462386,39.396265538899996,53693
2020-08-10 14:45:00,39.4161450724,39.4708137896,39.411175189,39.4509342561,47471
2020-08-10 14:30:00,39.4012354223,39.4211149558,39.371416122,39.4161450724,70099
2020-08-10 14:15:00,39.5056029732,39.5503319236,39.4012354223,39.4012354223,50365
2020-08-10 14:00:00,39.4807535563,39.5652415738,39.4757836729,39.5056029732,43486
2020-08-10 13:45:00,39.411175189,39.4757836729,39.411175189,39.4757836729,25947
2020-08-10 13:30:00,39.371416122,39.4161450724,39.371416122,39.411175189,36043
2020-08-10 13:15:00,39.4708137896,39.4708137896,39.3614763552,39.3763860054,66049
2020-08-10 13:00:00,39.4509342561,39.4807535563,39.4509342561,39.4757836729,25946
2020-08-10 12:45:00,39.4708137896,39.480256568,39.4360246059,39.4559041394,21899
2020-08-10 12:30:00,39.5900909906,39.5900909906,39.4708137896,39.4757836729,28519
2020-08-10 12:15:00,39.5205126233,39.5851211073,39.5205126233,39.5851211073,32095
2020-08-10 12:00:00,39.5006330898,39.5304523901,39.4260848392,39.5254825067,27496
2020-08-10 11:45:00,39.4906933231,39.5403921569,39.4906933231,39.5254825067,29653
2020-08-10 11:30:00,39.4459643727,39.5130577983,39.4360246059,39.485723439699996,26985
2020-08-10 11:15:00,39.3465667051,39.440994489299996,39.3415968217,39.4360246059,27973
2020-08-10 11:00:00,39.4310547225,39.4757836729,39.3415968217,39.3515365885,34442
2020-08-10 10:45:00,39.4310547225,39.4608740228,39.4012354223,39.4211149558,22857
2020-08-10 10:30:00,39.4559041394,39.4807535563,39.411175189,39.440994489299996,45438
2020-08-10 10:15:00,39.4906933231,39.5006330898,39.4310547225,39.440994489299996,34256
2020-08-10 10:00:00,39.4509342561,39.5304523901,39.3863257721,39.4906933231,34671
2020-08-10 09:45:00,39.6000307574,39.7491272587,39.4509342561,39.4509342561,63670
2020-08-07 16:30:00,39.5105728566,39.5105728566,39.5105728566,39.5105728566,3326
2020-08-07 16:15:00,39.5105728566,39.5105728566,39.5105728566,39.5105728566,19829
2020-08-07 16:00:00,39.5105728566,39.5503319236,39.4509342561,39.5205126233,157704
2020-08-07 15:45:00,39.4608740228,39.5702114571,39.4459643727,39.5105728566,70026
2020-08-07 15:30:00,39.3912956555,39.4807535563,39.3863257721,39.4559041394,29747
2020-08-07 15:15:00,39.3863257721,39.440994489299996,39.3813558888,39.3813558888,47469
2020-08-07 15:00:00,39.3664462386,39.4012354223,39.3415968217,39.3813558888,16867
2020-08-07 14:45:00,39.3266871716,39.4012354223,39.3167474048,39.3813558888,31188
2020-08-07 14:30:00,39.3912956555,39.3912956555,39.3177413815,39.3366269384,22575
2020-08-07 14:15:00,39.3415968217,39.4012354223,39.3266871716,39.3912956555,32870
2020-08-07 14:00:00,39.3813558888,39.411175189,39.3217172882,39.3366269384,27802
2020-08-07 13:45:00,39.4310547225,39.4459643727,39.3614763552,39.3763860054,29959
2020-08-07 13:30:00,39.4807535563,39.4807535563,39.411175189,39.4310547225,31483
2020-08-07 13:15:00,39.4906933231,39.4906933231,39.4310547225,39.485723439699996,30791
2020-08-07 13:00:00,39.5304523901,39.5702114571,39.4807535563,39.4956632065,32029
2020-08-07 12:45:00,39.580151223899996,39.580151223899996,39.5105728566,39.5304523901,19286
2020-08-07 12:30:00,39.5105728566,39.5751813405,39.5105728566,39.571503626799995,15496
2020-08-07 12:15:00,39.4658439062,39.5205126233,39.4559041394,39.5056029732,18384
2020-08-07 12:00:00,39.4906933231,39.5006330898,39.4310547225,39.4757836729,19099
2020-08-07 11:45:00,39.4310547225,39.4906933231,39.4310547225,39.4807535563,20993
2020-08-07 11:30:00,39.3813558888,39.4310547225,39.3415968217,39.4260848392,34030
2020-08-07 11:15:00,39.3813558888,39.440994489299996,39.3614763552,39.3912956555,35437
2020-08-07 11:00:00,39.3813558888,39.4360246059,39.3565064719,39.371416122,33056
2020-08-07 10:45:00,39.4509342561,39.4807535563,39.3614763552,39.3813558888,70844
2020-08-07 10:30:00,39.301837754699996,39.440994489299996,39.2819582212,39.440994489299996,27087
2020-08-07 10:15:00,39.3813558888,39.5403921569,39.301837754699996,39.3117775215,203485
2020-08-07 10:00:00,39.5503319236,39.6199102909,39.3813558888,39.3912956555,28529
2020-08-07 09:45:00,39.2521389209,39.5403921569,39.2417021658,39.5403921569,36807
2020-08-06 16:15:00,39.3912956555,39.3912956555,39.3912956555,39.3912956555,16673
2020-08-06 16:00:00,39.4211149558,39.440994489299996,39.3565064719,39.3813558888,175217
2020-08-06 15:45:00,39.4956632065,39.5403921569,39.4211149558,39.4260848392,95292
2020-08-06 15:30:00,39.4310547225,39.4956632065,39.4211149558,39.4906933231,38278
2020-08-06 15:15:00,39.4310547225,39.4509342561,39.411175189,39.4310547225,39662
2020-08-06 15:00:00,39.396265538899996,39.4360246059,39.371416122,39.4211149558,30620
2020-08-06 14:45:00,39.411175189,39.411175189,39.371416122,39.3912956555,28729
2020-08-06 14:30:00,39.4012354223,39.4211149558,39.3813558888,39.411175189,31615
2020-08-06 14:15:00,39.3217172882,39.4062053057,39.3217172882,39.4062053057,28341
2020-08-06 14:00:00,39.291897988,39.3415968217,39.291897988,39.3217172882,17853
2020-08-06 13:45:00,39.3117775215,39.3366269384,39.291897988,39.2968678713,19386
2020-08-06 13:30:00,39.2521389209,39.3117775215,39.2521389209,39.301837754699996,32868
2020-08-06 13:15:00,39.2720184544,39.2819582212,39.2471690375,39.2521389209,24842
2020-08-06 13:00:00,39.3117775215,39.3465667051,39.2620786877,39.2769883378,30636
2020-08-06 12:45:00,39.331657055,39.3515365885,39.301837754699996,39.3117775215,28519
2020-08-06 12:30:00,39.301837754699996,39.3366269384,39.2819582212,39.3366269384,19824
2020-08-06 12:15:00,39.2521389209,39.301837754699996,39.2521389209,39.291897988,24191
2020-08-06 12:00:00,39.227289504,39.2620786877,39.212379853899996,39.2521389209,32295
2020-08-06 11:45:00,39.371416122,39.3777775727,39.2223196207,39.227289504,28158
2020-08-06 11:30:00,39.4509342561,39.4608740228,39.371416122,39.371416122,29544
2020-08-06 11:15:00,39.4509342561,39.5403921569,39.440994489299996,39.4509342561,35809
2020-08-06 11:00:00,39.5205126233,39.5403921569,39.411175189,39.4509342561,20886
2020-08-06 10:45:00,39.6000307574,39.6099705242,39.5105728566,39.5105728566,63083
2020-08-06 10:30:00,39.5702114571,39.6795488915,39.5602716904,39.5900909906,26127
2020-08-06 10:15:00,39.4708137896,39.5702114571,39.4211149558,39.5652415738,20491
2020-08-06 10:00:00,39.5403921569,39.580151223899996,39.4708137896,39.4708137896,23258
2020-08-06 09:45:00,39.3813558888,39.6298500577,39.3515365885,39.5702114571,69291
2020-08-05 16:30:00,39.5304523901,39.5304523901,39.5304523901,39.5304523901,198
2020-08-05 16:15:00,39.5304523901,39.5304523901,39.5304523901,39.5304523901,15129
2020-08-05 16:00:00,39.371416122,39.5503319236,39.3614763552,39.5354222735,321981
2020-08-05 15:45:00,39.4360246059,39.4509342561,39.371416122,39.371416122,92191
2020-08-05 15:30:00,39.4757836729,39.4894011534,39.4260848392,39.440994489299996,51667
2020-08-05 15:15:00,39.4310547225,39.4906933231,39.4211149558,39.4708137896,47162
2020-08-05 15:00:00,39.4608740228,39.4906933231,39.4211149558,39.4260848392,33086
2020-08-05 14:45:00,39.4608740228,39.4860216327,39.4360246059,39.4608740228,23051
2020-08-05 14:30:00,39.4310547225,39.4708137896,39.4211149558,39.4509342561,29031
2020-08-05 14:15:00,39.3515365885,39.4509342561,39.3415968217,39.440994489299996,29963
2020-08-05 14:00:00,39.3366269384,39.3614763552,39.3167474048,39.3614763552,18444
2020-08-05 13:45:00,39.3117775215,39.3614763552,39.291897988,39.331657055,28670
2020-08-05 13:30:00,39.301837754699996,39.3167474048,39.291897988,39.3117775215,23289
2020-08-05 13:15:00,39.3084973984,39.3217172882,39.2769883378,39.3068076381,28211
2020-08-05 13:00:00,39.3217172882,39.3266871716,39.301837754699996,39.3117775215,25322
2020-08-05 12:45:00,39.3167474048,39.3515365885,39.301837754699996,39.3217172882,41300
2020-08-05 12:30:00,39.291897988,39.331657055,39.2720184544,39.3266871716,22731
2020-08-05 12:15:00,39.291897988,39.3117775215,39.2421991542,39.2869281046,38001
2020-08-05 12:00:00,39.301837754699996,39.3167474048,39.2620786877,39.291897988,33429
2020-08-05 11:45:00,39.257108804299996,39.3465667051,39.2521389209,39.301837754699996,43227
2020-08-05 11:30:00,39.291897988,39.331657055,39.2372292708,39.2521389209,46368
2020-08-05 11:15:00,39.2521389209,39.3117775215,39.1726207869,39.291897988,71945
2020-08-05 11:00:00,39.3415968217,39.411175189,39.2521389209,39.2521389209,43986
2020-08-05 10:45:00,39.331657055,39.3515365885,39.2421991542,39.331657055,42581
2020-08-05 10:30:00,39.371416122,39.4310547225,39.331657055,39.331657055,32296
2020-08-05 10:15:00,39.6397898244,39.6596693579,39.3614763552,39.371416122,50145
2020-08-05 10:00:00,39.7292477252,39.7292477252,39.5702114571,39.6397898244,43421
2020-08-05 09:45:00,39.8882839933,40.1168986287,39.7093681917,39.719307958499996,52083
2020-08-05 09:30:00,39.646946456500004,39.646946456500004,39.646946456500004,39.646946456500004,169
2020-08-04 16:15:00,39.6596693579,39.6596693579,39.6596693579,39.6596693579,198908
2020-08-04 16:00:00,39.6894886582,39.7888863258,39.6497295912,39.6596693579,383765
2020-08-04 15:45:00,39.5851211073,39.6894886582,39.5702114571,39.6894886582,83393
2020-08-04 15:30:00,39.5702114571,39.6099705242,39.555301807,39.5900909906,35269
2020-08-04 15:15:00,39.5652415738,39.6050006408,39.5602716904,39.5702114571,37531
2020-08-04 15:00:00,39.4807535563,39.5702114571,39.4658439062,39.5652415738,31767
2020-08-04 14:45:00,39.5503319236,39.5503319236,39.440994489299996,39.4708137896,37942
2020-08-04 14:30:00,39.6199102909,39.6199102909,39.5254825067,39.5453620402,30799
2020-08-04 14:15:00,39.5900909906,39.6199102909,39.5503319236,39.6149404075,27645
2020-08-04 14:00:00,39.6199102909,39.6397898244,39.5900909906,39.595060874,19766
2020-08-04 13:45:00,39.6845187748,39.6845187748,39.5900909906,39.6099705242,28983
2020-08-04 13:30:00,39.7093681917,39.720600128200005,39.6795488915,39.6795488915,28506
2020-08-04 13:15:00,39.595060874,39.7143380751,39.580151223899996,39.699428425,25703
2020-08-04 13:00:00,39.6000307574,39.6596693579,39.5900909906,39.595060874,43044
2020-08-04 12:45:00,39.7043983083,39.7093681917,39.5900909906,39.6000307574,35872
2020-08-04 12:30:00,39.7093681917,39.739187492,39.6795488915,39.7093681917,26924
2020-08-04 12:15:00,39.7093681917,39.7292477252,39.6596693579,39.699428425,30097
2020-08-04 12:00:00,39.6596693579,39.7143380751,39.6397898244,39.7043983083,26566
2020-08-04 11:45:00,39.6199102909,39.6795488915,39.5751813405,39.6646392413,26026
2020-08-04 11:30:00,39.5702114571,39.6497295912,39.5254825067,39.6298500577,41657
2020-08-04 11:15:00,39.5304523901,39.580151223899996,39.4211149558,39.5702114571,31338
2020-08-04 11:00:00,39.4310547225,39.5602716904,39.4310547225,39.5105728566,35211
2020-08-04 10:45:00,39.3117775215,39.440994489299996,39.2819582212,39.4310547225,26379
2020-08-04 10:30:00,39.2620786877,39.4012354223,39.2620786877,39.3217172882,32227
2020-08-04 10:15:00,39.3217172882,39.4310547225,39.2819582212,39.2819582212,34538
2020-08-04 10:00:00,39.2421991542,39.3614763552,39.2223196207,39.331657055,40339
2020-08-04 09:45:00,39.2421991542,39.4211149558,39.0632833526,39.2421991542,95628
2020-08-03 16:15:00,39.4310547225,39.4310547225,39.4310547225,39.4310547225,32009
2020-08-03 16:00:00,39.4012354223,39.4559041394,39.3415968217,39.4310547225,301798
2020-08-03 15:45:00,39.4459643727,39.4708137896,39.3515365885,39.411175189,91030
2020-08-03 15:30:00,39.4608740228,39.4906933231,39.4211149558,39.4509342561,46467
2020-08-03 15:15:00,39.4509342561,39.5205126233,39.440994489299996,39.4509342561,55921
2020-08-03 15:00:00,39.4509342561,39.4807535563,39.411175189,39.4509342561,72009
2020-08-03 14:45:00,39.371416122,39.4956632065,39.3664462386,39.440994489299996,58343
2020-08-03 14:30:00,39.3217172882,39.3813558888,39.301837754699996,39.3664462386,48213
2020-08-03 14:15:00,39.2521389209,39.331657055,39.2521389209,39.3217172882,25143
2020-08-03 14:00:00,39.1328617199,39.2521389209,39.1229219531,39.2421991542,19804
2020-08-03 13:45:00,39.1328617199,39.1527412534,39.1229219531,39.1328617199,23365
2020-08-03 13:30:00,39.1030424196,39.1626810201,39.0583134692,39.1428014866,25890
2020-08-03 13:15:00,39.14777137,39.1726207869,39.0831628861,39.1030424196,34258
2020-08-03 13:00:00,39.1129821863,39.1925003204,39.0931026528,39.14777137,30476
2020-08-03 12:45:00,39.1626810201,39.1825605536,39.073223119299996,39.1129821863,27520
2020-08-03 12:30:00,39.2322593874,39.2620786877,39.1328617199,39.1626810201,34317
2020-08-03 12:15:00,39.2620786877,39.3217172882,39.2322593874,39.2421991542,19641
2020-08-03 12:00:00,39.3465667051,39.3565064719,39.2620786877,39.2620786877,17574
2020-08-03 11:45:00,39.2421991542,39.331657055,39.2223196207,39.331657055,23883
2020-08-03 11:30:00,39.2819582212,39.3515365885,39.2421991542,39.2421991542,29804
2020-08-03 11:15:00,39.073223119299996,39.257108804299996,39.0632833526,39.257108804299996,41824
2020-08-03 11:00:00,39.1229219531,39.1229219531,38.9738254517,39.0632833526,20653
2020-08-03 10:45:00,39.1030424196,39.1825605536,39.073223119299996,39.1328617199,32566
2020-08-03 10:30:00,39.212379853899996,39.212379853899996,38.9738254517,39.1030424196,70004
2020-08-03 10:15:00,39.1825605536,39.2819582212,39.1229219531,39.212379853899996,69225
2020-08-03 10:00:00,39.2421991542,39.2521389209,39.043403819,39.1726207869,100485
2020-08-03 09:45:00,39.4608740228,39.580151223899996,39.1626810201,39.2521389209,170243
2020-08-03 09:00:00,39.947922593899996,39.947922593899996,39.947922593899996,39.947922593899996,300
2020-07-31 16:15:00,39.947922593899996,39.947922593899996,39.947922593899996,39.947922593899996,32704
2020-07-31 16:00:00,39.6795488915,39.9578623606,39.6795488915,39.9379828271,382765
2020-07-31 15:45:00,39.5205126234,39.6795488915,39.5105728566,39.669609124699996,65611
2020-07-31 15:30:00,39.3813558888,39.5254825067,39.3465667051,39.51554274,58559
2020-07-31 15:15:00,39.2819582212,39.3912956555,39.2720184544,39.371416122,51875
2020-07-31 15:00:00,39.257108804299996,39.2869281046,39.212379853899996,39.2720184544,32790
2020-07-31 14:45:00,39.1726207869,39.2521389209,39.1676509035,39.2521389209,37213
2020-07-31 14:30:00,39.1925003204,39.212379853899996,39.1378316032,39.1825605536,32541
2020-07-31 14:15:00,39.212379853899996,39.2521389209,39.1974702038,39.2024400871,32551
2020-07-31 14:00:00,39.212379853899996,39.2421991542,39.1626810201,39.2024400871,38960
2020-07-31 13:45:00,39.2223196207,39.2421991542,39.1726207869,39.2223196207,27283
2020-07-31 13:30:00,39.1726207869,39.2521389209,39.1726207869,39.2322593874,32465
2020-07-31 13:15:00,39.1129821863,39.187530437,39.1030424196,39.1726207869,35696
2020-07-31 13:00:00,39.1925003204,39.1925003204,39.0831628861,39.1129821863,30349
2020-07-31 12:45:00,39.2024400871,39.2024400871,39.1129821863,39.1925003204,29407
2020-07-31 12:30:00,39.291897988,39.291897988,39.1974702038,39.212379853899996,29483
2020-07-31 12:15:00,39.2421991542,39.301837754699996,39.2173497373,39.2869281046,38161
2020-07-31 12:00:00,39.2620786877,39.301837754699996,39.2223196207,39.2372292708,31739
2020-07-31 11:45:00,39.3614763552,39.3614763552,39.2372292708,39.2620786877,40020
2020-07-31 11:30:00,39.2720184544,39.3614763552,39.227289504,39.3415968217,38429
2020-07-31 11:15:00,39.2670485711,39.3217172882,39.187530437,39.2769883378,42799
2020-07-31 11:00:00,39.1229219531,39.2521389209,39.0632833526,39.2521389209,63188
2020-07-31 10:45:00,39.2322593874,39.2521389209,39.1129821863,39.1229219531,24146
2020-07-31 10:30:00,39.1030424196,39.2819582212,39.0334640523,39.2421991542,68033
2020-07-31 10:15:00,39.5403921569,39.5403921569,39.0533435858,39.108012303,92974
2020-07-31 10:00:00,39.5105728566,39.5503319236,39.3217172882,39.5503319236,95361
2020-07-31 09:45:00,39.669609124699996,39.6944585416,39.4310547225,39.5105728566,111070
2020-07-30 16:15:00,39.7292477252,39.7292477252,39.7292477252,39.7292477252,42649
2020-07-30 16:00:00,39.7292477252,39.8783442266,39.5702114571,39.739187492,494287
2020-07-30 15:45:00,39.6596693579,39.7342176086,39.6099705242,39.7292477252,118017
2020-07-30 15:30:00,39.6497295912,39.7093681917,39.6050006408,39.669609124699996,94576
2020-07-30 15:15:00,39.7491272587,39.7590670255,39.6199102909,39.6497295912,79961
2020-07-30 15:00:00,39.7988260925,39.8385851596,39.7110579521,39.739187492,92766
2020-07-30 14:45:00,39.7590670255,39.7988260925,39.7292477252,39.7938562092,145195
2020-07-30 14:30:00,39.9280430604,39.9280430604,39.7441573754,39.7590670255,92667
2020-07-30 14:15:00,40.0324106113,40.067199795,39.9181032936,39.9379828271,33719
2020-07-30 14:00:00,40.047320261399996,40.106958862,40.0175009612,40.047320261399996,33248
2020-07-30 13:45:00,40.1665974625,40.1665974625,39.9876816609,40.047320261399996,30165
2020-07-30 13:30:00,40.186476995999996,40.2063565295,40.128627553499996,40.176537229299996,34027
2020-07-30 13:15:00,40.2361758298,40.2560553633,40.186476995999996,40.196416762800006,37833
2020-07-30 13:00:00,40.275934896799995,40.3952120979,40.2063565295,40.2361758298,69581
2020-07-30 12:45:00,40.3057541971,40.325633730599996,40.2510854799,40.275934896799995,79623
2020-07-30 12:30:00,40.415091631399996,40.4846699987,40.2858746636,40.295814430300005,55047
2020-07-30 12:15:00,40.5194591824,40.524429065700005,40.315693963899996,40.4001819813,157437
2020-07-30 12:00:00,40.4846699987,40.594007433,40.479700115300005,40.514489299,35346
2020-07-30 11:45:00,40.3753325644,40.544308599299995,40.3636036396,40.474730232,83143
2020-07-30 11:30:00,40.2162962963,40.405151864699995,40.196416762800006,40.3753325644,41726
2020-07-30 11:15:00,40.315693963899996,40.315693963899996,40.146717929,40.2063565295,36164
2020-07-30 11:00:00,40.325633730599996,40.3753325644,40.2361758298,40.295814430300005,35946
2020-07-30 10:45:00,40.1268383955,40.4846699987,40.0970190952,40.315693963899996,62443
2020-07-30 10:30:00,40.067199795,40.126738997800004,39.9379828271,40.106958862,76909
2020-07-30 10:15:00,40.0274407279,40.226236063099996,39.9876816609,40.0572600282,110651
2020-07-30 10:00:00,39.947922593899996,40.1665974625,39.9181032936,40.0324106113,67763
2020-07-30 09:45:00,39.5205126234,40.0970190952,39.4807535563,39.9678021274,131414
2020-07-29 16:15:00,39.9578623606,39.9578623606,39.9578623606,39.9578623606,54366
2020-07-29 16:00:00,39.699428425,40.0771395617,39.6944585416,39.9678021274,574295
2020-07-29 15:45:00,39.719307958499996,39.7491272587,39.6795488915,39.699428425,145441
2020-07-29 15:30:00,39.6298500577,39.7292477252,39.6000307574,39.719307958499996,85882
2020-07-29 15:15:00,39.6596693579,39.669609124699996,39.5304523901,39.6199102909,103185
2020-07-29 15:00:00,39.6298500577,39.6980368576,39.6298500577,39.6497295912,67351
2020-07-29 14:45:00,39.634819940999996,39.6596693579,39.580151223899996,39.6298500577,57748
2020-07-29 14:30:00,39.5503319236,39.6397898244,39.5403921569,39.624880174299996,76996
2020-07-29 14:15:00,39.4608740228,39.5900909906,39.440994489299996,39.5453620402,72009
2020-07-29 14:00:00,39.485723439699996,39.485723439699996,39.411175189,39.4608740228,42193
2020-07-29 13:45:00,39.411175189,39.5056029732,39.4012354223,39.4906933231,41939
2020-07-29 13:30:00,39.3813558888,39.411175189,39.3515365885,39.4012354223,33604
2020-07-29 13:15:00,39.3117775215,39.396265538899996,39.2819582212,39.3813558888,38693
2020-07-29 13:00:00,39.2720184544,39.3167474048,39.2322593874,39.2968678713,39847
2020-07-29 12:45:00,39.1825605536,39.2819582212,39.152840651,39.2819582212,43932
2020-07-29 12:30:00,39.2521389209,39.2670485711,39.1626810201,39.1825605536,52613
2020-07-29 12:15:00,39.2322593874,39.301837754699996,39.212379853899996,39.2521389209,134503
2020-07-29 12:00:00,39.2223196207,39.301837754699996,39.1825605536,39.2223196207,82117
2020-07-29 11:45:00,39.1726207869,39.2720184544,39.1626810201,39.2173497373,40824
2020-07-29 11:30:00,39.1577111367,39.1925003204,39.117952069699996,39.1775906703,49190
2020-07-29 11:15:00,39.1428014866,39.1577111367,39.018554402199996,39.1577111367,53773
2020-07-29 11:00:00,38.9688555684,39.1527412534,38.9539459182,39.1527412534,47823
2020-07-29 10:45:00,38.8694579008,39.003644752,38.819759067,38.9837652185,39077
2020-07-29 10:30:00,38.9290965013,38.9290965013,38.8098193003,38.8744277842,47409
2020-07-29 10:15:00,38.9141868512,38.9837652185,38.8147891836,38.924126618,57884
2020-07-29 10:00:00,38.834668717199996,39.043403819,38.7849698834,38.8843675509,135683
2020-07-29 09:45:00,38.4370780469,38.8446084839,38.4370780469,38.8446084839,82220
2020-07-29 09:30:00,38.1985236448,38.1985236448,38.1985236448,38.1985236448,53022
2020-07-28 16:15:00,38.1985236448,38.1985236448,38.1985236448,38.1985236448,114343
2020-07-28 16:00:00,38.2879815456,38.3178008458,38.1140356273,38.2084634115,378278
2020-07-28 15:45:00,38.3178008458,38.3774394464,38.268102012,38.2929514289,82839
2020-07-28 15:30:00,38.3625297962,38.4370780469,38.3178008458,38.3227707292,83711
2020-07-28 15:15:00,38.3376803793,38.382409329699996,38.3178008458,38.3575599129,62774
2020-07-28 15:00:00,38.4072587466,38.4370780469,38.3376803793,38.3376803793,34744
2020-07-28 14:45:00,38.3277406126,38.4072587466,38.3178008458,38.3973189799,33865
2020-07-28 14:30:00,38.3277406126,38.3277406126,38.283011662199996,38.3178008458,28843
2020-07-28 14:15:00,38.3277406126,38.372469563,38.3178008458,38.3178008458,39153
2020-07-28 14:00:00,38.2184031783,38.3476201461,38.2184031783,38.3178008458,39630
2020-07-28 13:45:00,38.1985236448,38.2581622453,38.1687043445,38.2233730616,36682
2020-07-28 13:30:00,38.0792464437,38.1985236448,38.0494271434,38.1985236448,58353
2020-07-28 13:15:00,38.1289452775,38.1687043445,38.0805386134,38.0842163271,31218
2020-07-28 13:00:00,38.1239753941,38.1786441112,38.1040958606,38.1388850442,41700
2020-07-28 12:45:00,38.1090657439,38.1985236448,38.1090657439,38.1388850442,41690
2020-07-28 12:30:00,38.1587645777,38.1786441112,38.0742765603,38.1040958606,41707
2020-07-28 12:15:00,38.148824811,38.228342945,38.1090657439,38.1587645777,61362
2020-07-28 12:00:00,38.2531923619,38.3078610791,38.1289452775,38.1388850442,64011
2020-07-28 11:45:00,38.1786441112,38.3277406126,38.1587645777,38.2432525952,46882
2020-07-28 11:30:00,38.0394873766,38.1985236448,38.0394873766,38.1736742279,59928
2020-07-28 11:15:00,38.0096680764,38.0891862104,37.9301499423,38.0494271434,68115
2020-07-28 11:00:00,37.9400897091,38.0593669102,37.9102704088,38.0096680764,66984
2020-07-28 10:45:00,37.9003306421,37.9897885429,37.8307522748,37.9400897091,70799
2020-07-28 10:30:00,37.8009329745,37.9102704088,37.7512341407,37.8903908753,69153
2020-07-28 10:15:00,37.6518364732,37.820812508,37.5921978726,37.7909932077,59193
2020-07-28 10:00:00,37.6418967064,37.6816557734,37.5226195053,37.6717160067,75548
2020-07-28 09:45:00,37.3934025375,37.6816557734,37.2741253364,37.6418967064,41664
2020-07-27 17:15:00,37.492800205,37.492800205,37.492800205,37.492800205,51843
2020-07-27 16:15:00,37.492800205,37.492800205,37.492800205,37.492800205,15436
2020-07-27 16:00:00,37.4878303217,37.5822581059,37.4828604383,37.4828604383,400171
2020-07-27 15:45:00,37.3983724209,37.4878303217,37.3934025375,37.4878303217,101345
2020-07-27 15:30:00,37.3138844034,37.4331616045,37.3138844034,37.3934025375,103427
2020-07-27 15:15:00,37.2741253364,37.3238241702,37.2592156863,37.3238241702,84185
2020-07-27 15:00:00,37.3437037037,37.3437037037,37.2741253364,37.2741253364,53855
2020-07-27 14:45:00,37.308914520100004,37.3536434705,37.2840651032,37.3486735871,51005
2020-07-27 14:30:00,37.3834627707,37.3884326541,37.269155453,37.308914520100004,31783
2020-07-27 14:15:00,37.3238241702,37.3884326541,37.308914520100004,37.3834627707,48413
2020-07-27 14:00:00,37.2592156863,37.3337639369,37.224426502600004,37.3188542868,48371
2020-07-27 13:45:00,37.2393361528,37.2592156863,37.1946072024,37.2592156863,67076
2020-07-27 13:30:00,37.2393361528,37.2443060361,37.2045469691,37.2393361528,68910
2020-07-27 13:15:00,37.1598180187,37.2393361528,37.1449083686,37.2393361528,47780
2020-07-27 13:00:00,37.149878252,37.1846674356,37.1349686018,37.1598180187,54988
2020-07-27 12:45:00,37.1349686018,37.1548481353,37.0902396514,37.1449083686,36770
2020-07-27 12:30:00,37.149878252,37.1697577855,37.1051493016,37.1349686018,34131
2020-07-27 12:15:00,37.1349686018,37.1846674356,37.1200589517,37.1548481353,43574
2020-07-27 12:00:00,37.0753300013,37.1349686018,37.0753300013,37.125028835100004,51571
2020-07-27 11:45:00,37.1449083686,37.1747276688,37.0653902345,37.0703601179,34320
2020-07-27 11:30:00,37.2443060361,37.2542458029,37.1399384852,37.149878252,43460
2020-07-27 11:15:00,37.2343662694,37.308914520100004,37.229396386,37.2443060361,42199
2020-07-27 11:00:00,37.2443060361,37.3039446367,37.224426502600004,37.224426502600004,38068
2020-07-27 10:45:00,37.3486735871,37.3685531206,37.2144867359,37.2443060361,55502
2020-07-27 10:30:00,37.3635832372,37.3834627707,37.3138844034,37.3437037037,68599
2020-07-27 10:15:00,37.0355709343,37.413282071,37.0355709343,37.3536434705,82133
2020-07-27 10:00:00,37.0753300013,37.125028835100004,36.9461130334,37.045510701,120210
2020-07-27 09:45:00,36.9759323337,37.2144867359,36.8964141997,37.085269768,131762
2020-07-24 18:15:00,37.0355709343,37.0355709343,37.0355709343,37.0355709343,6197
2020-07-24 16:15:00,37.0355709343,37.0355709343,37.0355709343,37.0355709343,12139
2020-07-24 16:00:00,37.1101191849,37.1299987184,37.0156914007,37.0355709343,334584
2020-07-24 15:45:00,37.045510701,37.1349686018,37.045510701,37.1150890683,131314
2020-07-24 15:30:00,37.1399384852,37.1449083686,37.0256311675,37.045510701,93710
2020-07-24 15:15:00,37.1101191849,37.1647879021,37.1001794182,37.1399384852,56392
2020-07-24 15:00:00,37.149878252,37.1598180187,37.0554504678,37.1101191849,36918
2020-07-24 14:45:00,37.1647879021,37.1796975522,37.1299987184,37.1548481353,66990
2020-07-24 14:30:00,37.1001794182,37.1796975522,37.0902396514,37.1747276688,53595
2020-07-24 14:15:00,37.085269768,37.1150890683,37.0653902345,37.0952095348,37777
2020-07-24 14:00:00,37.1051493016,37.1299987184,37.0653902345,37.085269768,73015
2020-07-24 13:45:00,37.085269768,37.1200589517,37.0703601179,37.1051493016,47454
2020-07-24 13:30:00,37.045510701,37.0902396514,37.0156914007,37.0902396514,28273
2020-07-24 13:15:00,37.1337758298,37.1337758298,37.045510701,37.0554504678,32305
2020-07-24 13:00:00,37.1150890683,37.1449083686,37.085269768,37.125028835100004,47205
2020-07-24 12:45:00,37.125028835100004,37.149878252,37.1150890683,37.1150890683,46077
2020-07-24 12:30:00,37.0902396514,37.1449083686,37.0554504678,37.125028835100004,88377
2020-07-24 12:15:00,37.0753300013,37.0952095348,37.0355709343,37.0902396514,49924
2020-07-24 12:00:00,37.085269768,37.0902396514,37.040540817600004,37.0753300013,38677
2020-07-24 11:45:00,37.0554504678,37.085269768,37.0238420095,37.0753300013,40823
2020-07-24 11:30:00,37.0952095348,37.0952095348,37.0256311675,37.045510701,60742
2020-07-24 11:15:00,37.125028835100004,37.1399384852,37.0753300013,37.1001794182,45932
2020-07-24 11:00:00,37.11757401,37.1449083686,37.0256311675,37.1349686018,47918
2020-07-24 10:45:00,37.1449083686,37.1548481353,37.0753300013,37.125028835100004,61155
2020-07-24 10:30:00,37.085269768,37.1946072024,37.085269768,37.149878252,69385
2020-07-24 10:15:00,37.0952095348,37.1150890683,37.0206612841,37.0753300013,126956
2020-07-24 10:00:00,36.9858721005,37.1449083686,36.9709624503,37.0802998847,128597
2020-07-24 09:45:00,37.0554504678,37.2940048699,36.9461130334,36.9958118672,142611
2020-07-23 16:15:00,37.045510701,37.045510701,37.045510701,37.045510701,29015
2020-07-23 16:00:00,37.1051493016,37.1200589517,36.9262334999,37.0554504678,391237
2020-07-23 15:45:00,37.0753300013,37.1449083686,37.0256311675,37.1051493016,186024
2020-07-23 15:30:00,37.1150890683,37.1846674356,37.0802998847,37.0802998847,102371
2020-07-23 15:15:00,37.1349686018,37.1747276688,37.085269768,37.125028835100004,96777
2020-07-23 15:00:00,37.0653902345,37.1747276688,37.0256311675,37.125028835100004,56391
2020-07-23 14:45:00,36.9461130334,37.1051493016,36.9063539664,37.0753300013,67035
2020-07-23 14:30:00,36.8864744329,36.965992567,36.8168960656,36.9510829168,69857
2020-07-23 14:15:00,37.1598180187,37.1598180187,36.8765346662,36.8964141997,135597
2020-07-23 14:00:00,37.1747276688,37.2045469691,37.125028835100004,37.1647879021,64024
2020-07-23 13:45:00,37.229396386,37.2343662694,37.1548481353,37.1846674356,68344
2020-07-23 13:30:00,37.1995770857,37.2443060361,37.1846674356,37.2343662694,28522
2020-07-23 13:15:00,37.1449083686,37.2343662694,37.1349686018,37.2045469691,25122
2020-07-23 13:00:00,37.197092144,37.197092144,37.125028835100004,37.1548481353,31326
2020-07-23 12:45:00,37.2492759195,37.2492759195,37.1697577855,37.2070319108,31186
2020-07-23 12:30:00,37.2343662694,37.2641855697,37.1946072024,37.2492759195,31605
2020-07-23 12:15:00,37.2989747533,37.2989747533,37.224426502600004,37.2443060361,36623
2020-07-23 12:00:00,37.3437037037,37.4232218378,37.308914520100004,37.308914520100004,21457
2020-07-23 11:45:00,37.3238241702,37.3934025375,37.256830142300004,37.3238241702,34365
2020-07-23 11:30:00,37.3238241702,37.4083121876,37.3039446367,37.3238241702,30317
2020-07-23 11:15:00,37.2641855697,37.3536434705,37.2641855697,37.3337639369,47332
2020-07-23 11:00:00,37.1647879021,37.2443060361,37.1647879021,37.2443060361,29285
2020-07-23 10:45:00,37.125028835100004,37.224426502600004,37.0653902345,37.1747276688,30085
2020-07-23 10:30:00,37.1086282199,37.1548481353,36.9560528002,37.125028835100004,186226
2020-07-23 10:15:00,37.1051493016,37.2144867359,37.0753300013,37.1051493016,44166
2020-07-23 10:00:00,37.125028835100004,37.1747276688,36.9759323337,37.1150890683,48075
2020-07-23 09:45:00,36.8467153659,37.2144867359,36.8467153659,37.1150890683,77078
2020-07-22 18:00:00,36.965992567,36.965992567,36.965992567,36.965992567,9368
2020-07-22 16:15:00,36.965992567,36.965992567,36.965992567,36.965992567,5816
2020-07-22 16:00:00,36.941143150100004,37.0256311675,36.8765346662,36.965992567,412036
2020-07-22 15:45:00,36.9510829168,36.965992567,36.8665948994,36.941143150100004,142008
2020-07-22 15:30:00,36.9510829168,36.9858721005,36.9262334999,36.9461130334,79288
2020-07-22 15:15:00,36.9958118672,37.005751634,36.8964141997,36.9510829168,66862
2020-07-22 15:00:00,36.9560528002,36.9858721005,36.9361732667,36.9858721005,57006
2020-07-22 14:45:00,36.9858721005,36.9908419839,36.9063539664,36.9560528002,50535
2020-07-22 14:30:00,36.9610226836,37.0355709343,36.941143150100004,36.9858721005,67212
2020-07-22 14:15:00,36.8715647828,36.965992567,36.8715647828,36.9610226836,60824
2020-07-22 14:00:00,36.8268358324,36.8864744329,36.801986415500004,36.8715647828,82696
2020-07-22 13:45:00,36.856655132600004,36.861625016,36.7970165321,36.8318057158,55540
2020-07-22 13:30:00,36.8417454825,36.8665948994,36.7970165321,36.861625016,76519
2020-07-22 13:15:00,36.8119261822,36.8467153659,36.7671972318,36.8417454825,65073
2020-07-22 13:00:00,36.8168960656,36.8715647828,36.801986415500004,36.8119261822,42967
2020-07-22 12:45:00,36.8069562989,36.8268358324,36.801986415500004,36.8168960656,47710
2020-07-22 12:30:00,36.8069562989,36.8964141997,36.8069562989,36.8069562989,46939
2020-07-22 12:15:00,36.8168960656,36.8318057158,36.7075586313,36.7970165321,64860
2020-07-22 12:00:00,36.8367755991,36.8864744329,36.8069562989,36.821865949,35171
2020-07-22 11:45:00,36.8864744329,36.8964141997,36.8268358324,36.8367755991,39540
2020-07-22 11:30:00,36.7671972318,36.8964141997,36.7373779316,36.8864744329,45657
2020-07-22 11:15:00,36.7771369986,36.801986415500004,36.7224682814,36.7671972318,51844
2020-07-22 11:00:00,36.6628296809,36.7970165321,36.6330103806,36.7870767653,47944
2020-07-22 10:45:00,36.6976188645,36.7274381648,36.6230706139,36.6578597975,38268
2020-07-22 10:30:00,36.6677995643,36.7274381648,36.6131308471,36.7174983981,44305
2020-07-22 10:15:00,36.5584621299,36.7324080482,36.4888837627,36.677739331,58690
2020-07-22 10:00:00,36.3596667948,36.5584621299,36.3497270281,36.5584621299,77350
2020-07-22 09:45:00,36.0316544919,36.4590644624,35.902437524,36.3298474946,85879
2020-07-22 09:15:00,36.1780672562,36.1780672562,36.1780672562,36.1780672562,605
2020-07-21 16:15:00,36.1708112265,36.1708112265,36.1708112265,36.1708112265,17274
2020-07-21 16:00:00,36.2354197104,36.250329360500004,36.126082276,36.1708112265,393347
2020-07-21 15:45:00,36.2801486608,36.2900884275,36.19069076,36.2403895937,134006
2020-07-21 15:30:00,36.2403895937,36.3049980777,36.205600410100004,36.2801486608,77304
2020-07-21 15:15:00,36.3447571447,36.3497270281,36.230449827,36.2453594771,126774
2020-07-21 15:00:00,36.3596667948,36.3845162117,36.3149378444,36.3397872613,112231
2020-07-21 14:45:00,36.3447571447,36.389486095100004,36.2801486608,36.3596667948,79959
2020-07-21 14:30:00,36.3646366782,36.3696065616,36.3298474946,36.3397872613,31596
2020-07-21 14:15:00,36.3795463283,36.3795463283,36.3497270281,36.3646366782,34818
2020-07-21 14:00:00,36.4292451621,36.434215045500004,36.3596667948,36.3696065616,26754
2020-07-21 13:45:00,36.454094579,36.4590644624,36.4093656286,36.4292451621,42219
2020-07-21 13:30:00,36.414335512,36.4739741125,36.414335512,36.4491246956,28826
2020-07-21 13:15:00,36.3845162117,36.4590644624,36.3696065616,36.414335512,35733
2020-07-21 13:00:00,36.3696065616,36.389486095100004,36.3397872613,36.3845162117,29360
2020-07-21 12:45:00,36.3348173779,36.3845162117,36.309967961,36.3696065616,41587
2020-07-21 12:30:00,36.374576445,36.3795463283,36.3199077278,36.3298474946,45671
2020-07-21 12:15:00,36.2900884275,36.389486095100004,36.2851185441,36.3795463283,54957
2020-07-21 12:00:00,36.389486095100004,36.3994258618,36.2851185441,36.3000281943,95604
2020-07-21 11:45:00,36.3546969114,36.3994258618,36.295058310900004,36.3944559785,83244
2020-07-21 11:30:00,36.1161425093,36.3596667948,36.086323209,36.3497270281,144064
2020-07-21 11:15:00,35.9769857747,36.1310521594,35.9521363578,36.1211123927,65122
2020-07-21 11:00:00,36.021714725100004,36.111172625900004,35.9769857747,35.9769857747,37788
2020-07-21 10:45:00,35.9819556581,36.1012328592,35.9620761246,36.0415942586,94035
2020-07-21 10:30:00,36.0912930924,36.102226835799996,35.9223170575,35.9769857747,57911
2020-07-21 10:15:00,36.1310521594,36.230449827,36.0515340254,36.0912930924,72515
2020-07-21 10:00:00,36.0316544919,36.2602691273,35.9746002307,36.1211123927,73141
2020-07-21 09:45:00,35.902437524,36.111172625900004,35.7732205562,36.0316544919,147849
2020-07-21 09:15:00,36.2801486608,36.2801486608,36.2801486608,36.2801486608,100
2020-07-21 08:30:00,36.2602691273,36.2602691273,36.2602691273,36.2602691273,120
2020-07-20 16:15:00,35.5744252211,35.5744252211,35.5744252211,35.5744252211,33692
2020-07-20 16:00:00,35.5495758042,35.6241240549,35.494907087,35.5744252211,401725
2020-07-20 15:45:00,35.5446059208,35.559515570900004,35.534666154,35.5495758042,81497
2020-07-20 15:30:00,35.5247263873,35.5843649878,35.5197565039,35.5446059208,68677
2020-07-20 15:15:00,35.5446059208,35.5495758042,35.514786620500004,35.5296962707,94556
2020-07-20 15:00:00,35.5247263873,35.5744252211,35.514786620500004,35.5396360374,91959
2020-07-20 14:45:00,35.5296962707,35.5644854543,35.5197565039,35.5296962707,59132
2020-07-20 14:30:00,35.5296962707,35.5396360374,35.5098167372,35.534666154,57812
2020-07-20 14:15:00,35.5197565039,35.534666154,35.4849673203,35.534666154,27972
2020-07-20 14:00:00,35.5247263873,35.5495758042,35.494907087,35.5296962707,39993
2020-07-20 13:45:00,35.5247263873,35.534666154,35.4750275535,35.5247263873,24338
2020-07-20 13:30:00,35.4849673203,35.514786620500004,35.470057670100005,35.514786620500004,138042
2020-07-20 13:15:00,35.4750275535,35.5073317955,35.4750275535,35.4849673203,33646
2020-07-20 13:00:00,35.3805997693,35.4750275535,35.3805997693,35.4750275535,44909
2020-07-20 12:45:00,35.415388953000004,35.4352684865,35.3805997693,35.3805997693,15900
2020-07-20 12:30:00,35.3905395361,35.504846853800004,35.3905395361,35.415388953000004,34758
2020-07-20 12:15:00,35.3557503524,35.3955094195,35.3159912854,35.3905395361,31473
2020-07-20 12:00:00,35.3955094195,35.415388953000004,35.3507804691,35.3656901192,17613
2020-07-20 11:45:00,35.45514802,35.4650877867,35.3855696527,35.4054491862,30072
2020-07-20 11:30:00,35.514786620500004,35.534666154,35.45514802,35.4650877867,33097
2020-07-20 11:15:00,35.5396360374,35.5893348712,35.4849673203,35.5296962707,61032
2020-07-20 11:00:00,35.5744252211,35.599274638000004,35.4849673203,35.534666154,49707
2020-07-20 10:45:00,35.4352684865,35.6340638216,35.4352684865,35.5744252211,65060
2020-07-20 10:30:00,35.5744252211,35.5943047546,35.4352684865,35.4402383699,35779
2020-07-20 10:15:00,35.604244521300004,35.6638831219,35.5446059208,35.5744252211,43715
2020-07-20 10:00:00,35.653943355100004,35.6937024221,35.4750275535,35.5843649878,64627
2020-07-20 09:45:00,35.7632807894,35.8080097398,35.534666154,35.6489734717,92353
2020-07-17 16:15:00,35.862678457,35.862678457,35.862678457,35.862678457,232356
2020-07-17 16:00:00,35.9819556581,36.0266846085,35.82291939,35.862678457,605310
2020-07-17 15:45:00,36.0714135589,36.0962629758,35.9670460079,35.9869255415,221197
2020-07-17 15:30:00,36.0000460336,36.0714135589,35.9819556581,36.0714135589,100236
2020-07-17 15:15:00,36.0316544919,36.0415942586,35.9571062412,35.9968653082,76923
2020-07-17 15:00:00,36.0266846085,36.1012328592,35.9968653082,36.0316544919,73242
2020-07-17 14:45:00,36.066443675500004,36.0714135589,35.9521363578,36.0266846085,75654
2020-07-17 14:30:00,36.0316544919,36.066443675500004,36.0117749583,36.066443675500004,80704
2020-07-17 14:15:00,35.9720158913,36.0266846085,35.9223170575,36.0266846085,117450
2020-07-17 14:00:00,35.9620761246,35.9819556581,35.9471664744,35.9720158913,33663
2020-07-17 13:45:00,35.9471664744,35.9720158913,35.8924977573,35.9620761246,31055
2020-07-17 13:30:00,35.9471664744,36.0018351916,35.8974676407,35.9521363578,63040
2020-07-17 13:15:00,35.8726182238,35.9421965911,35.8527386902,35.9421965911,29181
2020-07-17 13:00:00,35.8775881071,35.9223170575,35.862678457,35.862678457,39614
2020-07-17 12:45:00,35.8328591567,35.882557990500004,35.8179495066,35.8726182238,58373
2020-07-17 12:30:00,35.902437524,35.902437524,35.82291939,35.827889273400004,26219
2020-07-17 12:15:00,35.8924977573,35.9223170575,35.82291939,35.9123772908,35883
2020-07-17 12:00:00,35.7632807894,35.902437524,35.7583109061,35.8826573882,38103
2020-07-17 11:45:00,35.7732205562,35.7732205562,35.7036421889,35.7533410227,23052
2020-07-17 11:30:00,35.7036421889,35.7732205562,35.7036421889,35.7632807894,24773
2020-07-17 11:15:00,35.6688530053,35.6937024221,35.6241240549,35.6937024221,27532
2020-07-17 11:00:00,35.5943047546,35.6937024221,35.5893348712,35.6638831219,30542
2020-07-17 10:45:00,35.5793951044,35.6092144047,35.4650877867,35.5893348712,42868
2020-07-17 10:30:00,35.6141842881,35.644003588400004,35.504846853800004,35.5744252211,37801
2020-07-17 10:15:00,35.514786620500004,35.6141842881,35.3458105857,35.6141842881,64234
2020-07-17 10:00:00,35.4253287197,35.6738228886,35.4253287197,35.504846853800004,78184
2020-07-17 09:45:00,35.514786620500004,35.514786620500004,35.3656901192,35.415388953000004,199131
2020-07-16 16:15:00,35.2961117519,35.2961117519,35.2961117519,35.2961117519,16700
2020-07-16 16:00:00,35.3458105857,35.4104190696,35.2464129181,35.2961117519,250561
2020-07-16 15:45:00,35.4253287197,35.470057670100005,35.3358708189,35.3408407023,72086
2020-07-16 15:30:00,35.2961117519,35.4352684865,35.2662924516,35.4302986031,66784
2020-07-16 15:15:00,35.3607202358,35.370660002600005,35.2662924516,35.286171985100005,111001
2020-07-16 15:00:00,35.3855696527,35.3905395361,35.3159912854,35.3607202358,48349
2020-07-16 14:45:00,35.231503268000004,35.3905395361,35.2066538511,35.3905395361,23968
2020-07-16 14:30:00,35.2613225682,35.2911418685,35.2165936178,35.2265333846,26000
2020-07-16 14:15:00,35.286171985100005,35.3219551455,35.231503268000004,35.2613225682,36934
2020-07-16 14:00:00,35.3656901192,35.415388953000004,35.2812021018,35.3010816353,38238
2020-07-16 13:45:00,35.3557503524,35.3656901192,35.3259310522,35.3607202358,28171
2020-07-16 13:30:00,35.3656901192,35.4104190696,35.3259310522,35.3557503524,18674
2020-07-16 13:15:00,35.3159912854,35.3557503524,35.2812021018,35.3557503524,71270
2020-07-16 13:00:00,35.2662924516,35.3458105857,35.2662924516,35.3060515186,32668
2020-07-16 12:45:00,35.2613225682,35.2911418685,35.231503268000004,35.256352684899994,26495
2020-07-16 12:30:00,35.2364731514,35.2662924516,35.231503268000004,35.2613225682,24599
2020-07-16 12:15:00,35.286171985100005,35.286171985100005,35.231503268000004,35.2414430347,30075
2020-07-16 12:00:00,35.231503268000004,35.2961117519,35.2066538511,35.2961117519,34385
2020-07-16 11:45:00,35.3805997693,35.4104190696,35.2364731514,35.2364731514,43743
2020-07-16 11:30:00,35.370660002600005,35.4352684865,35.3259310522,35.375629885900004,34890
2020-07-16 11:15:00,35.4650877867,35.534666154,35.3656901192,35.3805997693,46522
2020-07-16 11:00:00,35.3955094195,35.45514802,35.3656901192,35.45514802,32351
2020-07-16 10:45:00,35.3458105857,35.4054491862,35.286171985100005,35.3955094195,30319
2020-07-16 10:30:00,35.534666154,35.554545687600005,35.3358708189,35.3358708189,48119
2020-07-16 10:15:00,35.534666154,35.7284916058,35.534666154,35.534666154,53183
2020-07-16 10:00:00,35.7632807894,35.7632807894,35.5296962707,35.5296962707,30214
2020-07-16 09:45:00,35.4054491862,35.783160323000004,35.3955094195,35.7682506728,90532
2020-07-15 16:15:00,35.604244521300004,35.604244521300004,35.604244521300004,35.604244521300004,41983
2020-07-15 16:00:00,35.6241240549,35.653943355100004,35.554545687600005,35.6141842881,409192
2020-07-15 15:45:00,35.653943355100004,35.6837626554,35.5943047546,35.6191541715,93722
2020-07-15 15:30:00,35.5893348712,35.6589132385,35.554545687600005,35.653943355100004,43739
2020-07-15 15:15:00,35.653943355100004,35.6937024221,35.5943047546,35.5943047546,45316
2020-07-15 15:00:00,35.6837626554,35.6937024221,35.6290939382,35.653943355100004,43483
2020-07-15 14:45:00,35.6340638216,35.7235217224,35.6241240549,35.688732538800004,33122
2020-07-15 14:30:00,35.653943355100004,35.678792772,35.604244521300004,35.6290939382,29308
2020-07-15 14:15:00,35.6141842881,35.688732538800004,35.6092144047,35.6489734717,37243
2020-07-15 14:00:00,35.5943047546,35.6290939382,35.5943047546,35.6191541715,55877
2020-07-15 13:45:00,35.6162716391,35.6241240549,35.5843649878,35.5943047546,30420
2020-07-15 13:30:00,35.5644854543,35.6340638216,35.554545687600005,35.6191541715,31440
2020-07-15 13:15:00,35.504846853800004,35.604244521300004,35.4750275535,35.554545687600005,58644
2020-07-15 13:00:00,35.3557503524,35.5247263873,35.3557503524,35.514786620500004,37117
2020-07-15 12:45:00,35.4253287197,35.4402383699,35.3159912854,35.370660002600005,37599
2020-07-15 12:30:00,35.4054491862,35.45514802,35.3855696527,35.4302986031,31021
2020-07-15 12:15:00,35.4104190696,35.4352684865,35.3358708189,35.4004793028,33262
2020-07-15 12:00:00,35.45514802,35.534666154,35.4253287197,35.4253287197,53124
2020-07-15 11:45:00,35.5247263873,35.554545687600005,35.3955094195,35.4650877867,35947
2020-07-15 11:30:00,35.4054491862,35.5644854543,35.3955094195,35.5247263873,53922
2020-07-15 11:15:00,35.3557503524,35.4352684865,35.3358708189,35.4054491862,47917
2020-07-15 11:00:00,35.4054491862,35.494907087,35.3557503524,35.3557503524,51899
2020-07-15 10:45:00,35.5843649878,35.6340638216,35.4054491862,35.4104190696,69036
2020-07-15 10:30:00,35.3408407023,35.604244521300004,35.256352684899994,35.5843649878,43996
2020-07-15 10:15:00,35.3358708189,35.4452082532,35.2662924516,35.3159912854,44975
2020-07-15 10:00:00,35.286171985100005,35.4253287197,35.256352684899994,35.3259310522,55189
2020-07-15 09:45:00,35.8129796232,35.9074074074,35.276232218400004,35.286171985100005,112125
2020-07-15 09:30:00,36.0813533256,36.0813533256,36.0813533256,36.0813533256,200
2020-07-14 17:45:00,35.286171985100005,35.286171985100005,35.286171985100005,35.286171985100005,399
2020-07-14 16:15:00,35.286171985100005,35.286171985100005,35.286171985100005,35.286171985100005,28031
2020-07-14 16:00:00,35.3159912854,35.4253287197,35.2414430347,35.3159912854,353736
2020-07-14 15:45:00,35.3458105857,35.375629885900004,35.2464129181,35.3159912854,82253
2020-07-14 15:30:00,35.1619249007,35.3358708189,35.0824067666,35.3358708189,58303
2020-07-14 15:15:00,35.2265333846,35.2364731514,35.0824067666,35.1619249007,50891
2020-07-14 15:00:00,35.186774317600005,35.256352684899994,35.1668947841,35.231503268000004,32588
2020-07-14 14:45:00,35.2364731514,35.256352684899994,35.147015250500004,35.191744200900004,43007
2020-07-14 14:30:00,35.2165936178,35.3408407023,35.2116237345,35.2265333846,32547
2020-07-14 14:15:00,35.147015250500004,35.256352684899994,35.1072561835,35.2066538511,32547
2020-07-14 14:00:00,35.2066538511,35.2662924516,35.0774368833,35.147015250500004,82494
2020-07-14 13:45:00,35.127135717,35.1967140843,35.1122260669,35.1967140843,18858
2020-07-14 13:30:00,35.137075483800004,35.1668947841,35.1171959503,35.1171959503,18027
2020-07-14 13:15:00,35.1668947841,35.1768345508,35.08737665,35.1401568115,18957
2020-07-14 13:00:00,35.186774317600005,35.2464129181,35.147015250500004,35.1668947841,13494
2020-07-14 12:45:00,35.181804434200004,35.2265333846,35.1420453672,35.1768345508,17000
2020-07-14 12:30:00,35.1768345508,35.2662924516,35.147015250500004,35.1768345508,33782
2020-07-14 12:15:00,35.2066538511,35.2066538511,35.08737665,35.181804434200004,45751
2020-07-14 12:00:00,35.3159912854,35.3159912854,35.181804434200004,35.191744200900004,21177
2020-07-14 11:45:00,35.2364731514,35.3358708189,35.2165936178,35.2961117519,22839
2020-07-14 11:30:00,35.256352684899994,35.3259310522,35.1768345508,35.2364731514,24067
2020-07-14 11:15:00,35.2364731514,35.3557503524,35.1569550173,35.2364731514,47595
2020-07-14 11:00:00,35.3557503524,35.3557503524,35.231503268000004,35.256352684899994,36633
2020-07-14 10:45:00,35.3955094195,35.5047474561,35.3060515186,35.3507804691,27339
2020-07-14 10:30:00,35.2165936178,35.415388953000004,35.2066538511,35.375629885900004,31998
2020-07-14 10:15:00,35.3855696527,35.3955094195,35.186774317600005,35.2165936178,48936
2020-07-14 10:00:00,35.2662924516,35.4452082532,35.1967140843,35.3970997821,56453
2020-07-14 09:45:00,34.9581596822,35.276232218400004,34.888581314899994,35.2662924516,88831
2020-07-13 16:15:00,35.0973164168,35.0973164168,35.0973164168,35.0973164168,23852
2020-07-13 16:00:00,35.1668947841,35.1967140843,34.819002947600005,35.0774368833,221866
2020-07-13 15:45:00,35.3159912854,35.3159912854,35.1221658337,35.1569550173,105591
2020-07-13 15:30:00,35.415388953000004,35.4452082532,35.3159912854,35.3159912854,66423
2020-07-13 15:15:00,35.5744252211,35.5744252211,35.3955094195,35.4253287197,51330
2020-07-13 15:00:00,35.5744252211,35.6340638216,35.5446059208,35.5644854543,51410
2020-07-13 14:45:00,35.504846853800004,35.604244521300004,35.488843829299995,35.5843649878,53974
2020-07-13 14:30:00,35.6489734717,35.6738228886,35.4849673203,35.504846853800004,88568
2020-07-13 14:15:00,35.827889273400004,35.8775881071,35.6141842881,35.6489734717,114766
2020-07-13 14:00:00,35.8527386902,35.8527386902,35.7334614892,35.8328591567,36283
2020-07-13 13:45:00,35.7980699731,35.8924977573,35.7980699731,35.8577085736,36096
2020-07-13 13:30:00,35.7980699731,35.862678457,35.783160323000004,35.7931000897,26026
2020-07-13 13:15:00,35.7533410227,35.783160323000004,35.7334614892,35.783160323000004,26648
2020-07-13 13:00:00,35.7135819557,35.7732205562,35.6837626554,35.7533410227,32952
2020-07-13 12:45:00,35.6937024221,35.783160323000004,35.6937024221,35.7135819557,26250
2020-07-13 12:30:00,35.6738228886,35.7086120723,35.653943355100004,35.6837626554,11567
2020-07-13 12:15:00,35.7235217224,35.752048853000005,35.6638831219,35.6837626554,16861
2020-07-13 12:00:00,35.7632807894,35.7781904396,35.6738228886,35.7235217224,25460
2020-07-13 11:45:00,35.783160323000004,35.8030398565,35.7135819557,35.7632807894,15263
2020-07-13 11:30:00,35.8030398565,35.82291939,35.7682506728,35.7980699731,24938
2020-07-13 11:15:00,35.7732205562,35.8427989235,35.7632807894,35.8030398565,24331
2020-07-13 11:00:00,35.7483711393,35.8129796232,35.6738228886,35.7931000897,24095
2020-07-13 10:45:00,35.783160323000004,35.8527386902,35.7334614892,35.7632807894,33875
2020-07-13 10:30:00,35.7533410227,35.7931000897,35.6937024221,35.783160323000004,32306
2020-07-13 10:15:00,35.4899372036,35.7980699731,35.415388953000004,35.743401255900004,52097
2020-07-13 10:00:00,35.4253287197,35.5694553377,35.4253287197,35.4849673203,36197
2020-07-13 09:45:00,35.743401255900004,35.743401255900004,35.3805997693,35.415388953000004,72355
