time,open,high,low,close,volume
2020-02-11 17:30:00,45.013239187399996,45.013239187399996,45.013239187399996,45.013239187399996,300
2020-02-11 16:45:00,44.9255700351,44.9255700351,44.9255700351,44.9255700351,999
2020-02-11 16:15:00,44.9255700351,44.9888866451,44.9255700351,44.9888866451,74063
2020-02-11 16:00:00,44.9353110521,44.964534102799995,44.881735459,44.9158290182,305230
2020-02-11 15:45:00,44.8622534252,44.945052069,44.8622534252,44.9353110521,89728
2020-02-11 15:30:00,44.833030374399996,44.8963469844,44.8232893575,44.8622534252,83473
2020-02-11 15:15:00,44.857382916700004,44.8963469844,44.8232893575,44.8281598659,69346
2020-02-11 15:00:00,44.9470976825,44.9596635944,44.8525124082,44.857382916700004,56697
2020-02-11 14:45:00,44.8963469844,44.945052069,44.8963469844,44.945052069,38057
2020-02-11 14:30:00,44.9012174928,44.9158290182,44.857382916700004,44.8963469844,43279
2020-02-11 14:15:00,44.8914764759,44.9255700351,44.8379008829,44.9012174928,40599
2020-02-11 14:00:00,44.8671239336,44.8963469844,44.818418849,44.8866059675,41415
2020-02-11 13:45:00,44.8671239336,44.8866059675,44.8379008829,44.8671239336,28307
2020-02-11 13:30:00,44.82484792020001,44.8914764759,44.818418849,44.871994442100004,36262
2020-02-11 13:15:00,44.8914764759,44.8914764759,44.8086778321,44.8281598659,56217
2020-02-11 13:00:00,44.9304405436,44.945052069,44.8671239336,44.8866059675,41883
2020-02-11 12:45:00,45.042462238199995,45.082400407600005,44.9255700351,44.9353110521,53271
2020-02-11 12:30:00,44.9742751197,45.0590219669,44.9742751197,45.052203255100004,40309
2020-02-11 12:15:00,44.9547930859,44.9888866451,44.9255700351,44.9888866451,33819
2020-02-11 12:00:00,44.993757153599994,45.022980204300005,44.949922577399995,44.9547930859,33132
2020-02-11 11:45:00,45.1496134243,45.1496134243,44.9840161367,45.0034981705,52118
2020-02-11 11:30:00,45.1496134243,45.2129300343,45.100908339700005,45.1544839328,60393
2020-02-11 11:15:00,45.1203903735,45.188577492,45.1106493566,45.1398724074,54102
2020-02-11 11:00:00,45.0960378312,45.305469695,45.0814263059,45.130131390500004,165356
2020-02-11 10:45:00,44.9742751197,45.100908339700005,44.9742751197,45.0911673228,65592
2020-02-11 10:30:00,44.9557671876,45.0327212213,44.9158290182,44.9840161367,45045
2020-02-11 10:15:00,44.9060880013,45.0034981705,44.857382916700004,44.964534102799995,58770
2020-02-11 10:00:00,44.830887350699996,44.9840161367,44.830887350699996,44.9158290182,46397
2020-02-11 09:45:00,44.7112676629,44.8211463338,44.5456703753,44.8191981304,115743
2020-02-11 09:30:00,44.691785629099996,44.691785629099996,44.691785629099996,44.691785629099996,455
2020-02-11 09:15:00,44.691785629099996,44.691785629099996,44.691785629099996,44.691785629099996,1203
2020-02-11 08:15:00,44.5651524091,44.5651524091,44.5651524091,44.5651524091,157
2020-02-10 16:45:00,44.5846344429,44.5846344429,44.5846344429,44.5846344429,522
2020-02-10 16:15:00,44.4969652907,44.4969652907,44.4969652907,44.4969652907,24755
2020-02-10 16:00:00,44.4310186061,44.506706307600005,44.370332070699995,44.506706307600005,257103
2020-02-10 15:45:00,44.414166646800005,44.4385191891,44.3898141045,44.428778172200005,78980
2020-02-10 15:30:00,44.419037155299996,44.428778172200005,44.3800730876,44.414166646800005,45002
2020-02-10 15:15:00,44.414166646800005,44.433648680699996,44.370332070699995,44.4092961384,47857
2020-02-10 15:00:00,44.361857386000004,44.428778172200005,44.331368003,44.419037155299996,45733
2020-02-10 14:45:00,44.3264974946,44.370332070699995,44.3264974946,44.365461562200004,42427
2020-02-10 14:30:00,44.3118859692,44.355720545299995,44.3021449523,44.3264974946,34506
2020-02-10 14:15:00,44.30701546069999,44.3118859692,44.2534398677,44.30701546069999,34486
2020-02-10 14:00:00,44.2583103761,44.3118859692,44.2485693592,44.30701546069999,35771
2020-02-10 13:45:00,44.292403935299994,44.3216269861,44.2522709456,44.2583103761,32369
2020-02-10 13:30:00,44.3118859692,44.331368003,44.2826629184,44.2972744438,26852
2020-02-10 13:15:00,44.394684613,44.4092961384,44.292403935299994,44.3264974946,31801
2020-02-10 13:00:00,44.3898141045,44.396437996,44.341109019899996,44.3898141045,23971
2020-02-10 12:45:00,44.384943596099994,44.4044256299,44.3508500369,44.3898141045,51600
2020-02-10 12:30:00,44.3508500369,44.3882555418,44.3216269861,44.384943596099994,40405
2020-02-10 12:15:00,44.3216269861,44.3752025792,44.2875334269,44.365461562200004,39793
2020-02-10 12:00:00,44.3898141045,44.428778172200005,44.3362385115,44.3362385115,27179
2020-02-10 11:45:00,44.4092961384,44.428778172200005,44.3264974946,44.3898141045,40514
2020-02-10 11:30:00,44.384943596099994,44.4385191891,44.3605910538,44.4044256299,111781
2020-02-10 11:15:00,44.4872242737,44.5164473245,44.3605910538,44.3835798537,91655
2020-02-10 11:00:00,44.5846344429,44.6625625783,44.47748325680001,44.4872242737,41822
2020-02-10 10:45:00,44.613857493699996,44.628469019099995,44.5554113922,44.5797639345,38283
2020-02-10 10:30:00,44.5554113922,44.6820446121,44.521317833000005,44.613857493699996,41211
2020-02-10 10:15:00,44.47748325680001,44.5846344429,44.47748325680001,44.5456703753,47392
2020-02-10 10:00:00,44.341109019899996,44.4677422399,44.3021449523,44.4677422399,44253
2020-02-10 09:45:00,44.419037155299996,44.433648680699996,44.185252749200004,44.341109019899996,121207
2020-02-07 17:30:00,44.5261883414,44.5261883414,44.5261883414,44.5261883414,202
2020-02-07 16:15:00,44.5261883414,44.5261883414,44.5261883414,44.5261883414,40408
2020-02-07 16:00:00,44.638210036000004,44.65769206979999,44.4969652907,44.5261883414,351828
2020-02-07 15:45:00,44.5846344429,44.6479510529,44.5651524091,44.643080544499995,65502
2020-02-07 15:30:00,44.599245968299996,44.623598510600004,44.574893426,44.5895049514,46987
2020-02-07 15:15:00,44.5797639345,44.623598510600004,44.5700229176,44.6000252497,35763
2020-02-07 15:00:00,44.5943754599,44.6041164768,44.5554113922,44.5797639345,28510
2020-02-07 14:45:00,44.613857493699996,44.643080544499995,44.5554113922,44.5943754599,31787
2020-02-07 14:30:00,44.574893426,44.613857493699996,44.5554113922,44.6041164768,29851
2020-02-07 14:15:00,44.6333395275,44.643080544499995,44.5456703753,44.5612560023,61023
2020-02-07 14:00:00,44.701526646000005,44.72100867979999,44.6389893174,44.6389893174,43987
2020-02-07 13:45:00,44.784325289799995,44.8086778321,44.6333395275,44.701526646000005,165303
2020-02-07 13:30:00,44.6820446121,44.7989368152,44.6820446121,44.779454781300004,26087
2020-02-07 13:15:00,44.691785629099996,44.701526646000005,44.643080544499995,44.6674330868,30511
2020-02-07 13:00:00,44.706397154399994,44.7307496967,44.643080544499995,44.686915120600005,43204
2020-02-07 12:45:00,44.72100867979999,44.75023173060001,44.701526646000005,44.7112676629,77126
2020-02-07 12:30:00,44.7404907137,44.7599727475,44.6771741037,44.7112676629,44791
2020-02-07 12:15:00,44.5943754599,44.75023173060001,44.5846344429,44.7404907137,47434
2020-02-07 12:00:00,44.574893426,44.643080544499995,44.5359293583,44.599245968299996,56795
2020-02-07 11:45:00,44.5797639345,44.6625625783,44.5651524091,44.5846344429,69524
2020-02-07 11:30:00,44.5554113922,44.6625625783,44.5456703753,44.574893426,51601
2020-02-07 11:15:00,44.5164473245,44.610837778500006,44.511576816,44.5602819006,57327
2020-02-07 11:00:00,44.638210036000004,44.6528215614,44.5018357991,44.5261883414,56807
2020-02-07 10:45:00,44.6333395275,44.6625625783,44.5895049514,44.6373333445,61164
2020-02-07 10:30:00,44.5456703753,44.6333395275,44.5261883414,44.6333395275,85583
2020-02-07 10:15:00,44.4872242737,44.55502175149999,44.4239076638,44.55502175149999,55481
2020-02-07 10:00:00,44.458001223000004,44.5456703753,44.370332070699995,44.506706307600005,79210
2020-02-07 09:45:00,44.5456703753,44.72100867979999,44.419037155299996,44.458001223000004,246674
2020-02-07 04:15:00,44.613857493699996,44.613857493699996,44.613857493699996,44.613857493699996,100
2020-02-06 17:00:00,44.7891957983,44.7891957983,44.7891957983,44.7891957983,144
2020-02-06 16:15:00,44.7891957983,44.9060880013,44.7891957983,44.9060880013,57477
2020-02-06 16:00:00,44.8628378862,44.8671239336,44.7745842729,44.7891957983,349515
2020-02-06 15:45:00,44.8086778321,44.8866059675,44.8086778321,44.857382916700004,86172
2020-02-06 15:30:00,44.7989368152,44.8281598659,44.764843256000006,44.8086778321,77748
2020-02-06 15:15:00,44.784325289799995,44.81354834060001,44.75023173060001,44.7891957983,53156
2020-02-06 15:00:00,44.8734555946,44.8963469844,44.7599727475,44.784325289799995,162406
2020-02-06 14:45:00,44.9158290182,44.964534102799995,44.857382916700004,44.8671239336,71910
2020-02-06 14:30:00,44.9158290182,44.9255700351,44.857382916700004,44.9158290182,35745
2020-02-06 14:15:00,44.9401815605,44.945052069,44.8963469844,44.9109585098,44382
2020-02-06 14:00:00,44.8914764759,44.9547930859,44.8671239336,44.945052069,73415
2020-02-06 13:45:00,44.9109585098,44.9255700351,44.847641899799996,44.8914764759,39734
2020-02-06 13:30:00,44.9602480554,44.9840161367,44.9109585098,44.9109585098,36561
2020-02-06 13:15:00,45.0960378312,45.0960378312,44.964534102799995,44.964534102799995,44438
2020-02-06 13:00:00,45.075192055,45.0911673228,45.013239187399996,45.085614943100005,32946
2020-02-06 12:45:00,45.052203255100004,45.130131390500004,45.00836867899999,45.0765557974,67882
2020-02-06 12:30:00,44.9694046113,45.056197071999996,44.9694046113,45.0473327466,36126
2020-02-06 12:15:00,44.9550853164,45.0034981705,44.9060880013,44.9742751197,40781
2020-02-06 12:00:00,44.9353110521,45.042462238199995,44.9053087199,44.9596635944,113988
2020-02-06 11:45:00,44.9060880013,44.945052069,44.81354834060001,44.9255700351,92771
2020-02-06 11:30:00,44.9527474723,44.9547930859,44.8914764759,44.9060880013,39534
2020-02-06 11:15:00,44.9343369504,44.9547930859,44.8768649505,44.945052069,89331
2020-02-06 11:00:00,44.847641899799996,44.964534102799995,44.847641899799996,44.9304405436,42256
2020-02-06 10:45:00,44.9547930859,44.9840161367,44.8525124082,44.8525124082,55501
2020-02-06 10:30:00,45.0327212213,45.054443688999996,44.8768649505,44.9742751197,69261
2020-02-06 10:15:00,45.0327212213,45.0814263059,45.022980204300005,45.0327212213,58482
2020-02-06 10:00:00,45.0034981705,45.042462238199995,44.8866059675,45.042462238199995,46736
2020-02-06 09:45:00,44.993757153599994,45.1106493566,44.9060880013,44.9818731129,188854
2020-02-05 18:15:00,45.0034981705,45.0034981705,45.0034981705,45.0034981705,100
2020-02-05 16:30:00,44.8768649505,44.8768649505,44.8768649505,44.8768649505,51109
2020-02-05 16:15:00,44.8768649505,44.8768649505,44.8768649505,44.8768649505,27642
2020-02-05 16:00:00,44.9206995267,44.9353110521,44.8281598659,44.8768649505,395910
2020-02-05 15:45:00,44.8671239336,44.9401815605,44.8281598659,44.9158290182,96514
2020-02-05 15:30:00,44.7989368152,44.8914764759,44.7989368152,44.871994442100004,85378
2020-02-05 15:15:00,44.7940663067,44.818418849,44.784325289799995,44.7940663067,86697
2020-02-05 15:00:00,44.8038073236,44.847641899799996,44.779454781300004,44.7989368152,105688
2020-02-05 14:45:00,44.779454781300004,44.8086778321,44.7599727475,44.7989368152,35643
2020-02-05 14:30:00,44.7453612221,44.8086778321,44.7453612221,44.784325289799995,51537
2020-02-05 14:15:00,44.769713764399995,44.7989368152,44.7404907137,44.7404907137,30753
2020-02-05 14:00:00,44.8038073236,44.80517106600001,44.7599727475,44.779454781300004,53032
2020-02-05 13:45:00,44.764843256000006,44.8038073236,44.755102238999996,44.7989368152,44825
2020-02-05 13:30:00,44.779454781300004,44.8086778321,44.75023173060001,44.764843256000006,38934
2020-02-05 13:15:00,44.73562020520001,44.818418849,44.7307496967,44.784325289799995,121383
2020-02-05 13:00:00,44.701526646000005,44.7891957983,44.672303595200006,44.7453612221,44269
2020-02-05 12:45:00,44.755102238999996,44.764843256000006,44.672303595200006,44.706397154399994,67645
2020-02-05 12:30:00,44.7891957983,44.8085804219,44.755102238999996,44.755102238999996,40044
2020-02-05 12:15:00,44.7599727475,44.81354834060001,44.7404907137,44.7891957983,54863
2020-02-05 12:00:00,44.7599727475,44.7891957983,44.72100867979999,44.75023173060001,40099
2020-02-05 11:45:00,44.779454781300004,44.81354834060001,44.7307496967,44.7599727475,117961
2020-02-05 11:30:00,44.755102238999996,44.8086778321,44.701526646000005,44.779454781300004,82650
2020-02-05 11:15:00,44.7112676629,44.7599727475,44.643080544499995,44.75023173060001,57203
2020-02-05 11:00:00,44.769713764399995,44.8671239336,44.6625625783,44.701526646000005,236250
2020-02-05 10:45:00,44.701526646000005,44.779454781300004,44.6820446121,44.779454781300004,143038
2020-02-05 10:30:00,44.7599727475,44.769713764399995,44.6528215614,44.701526646000005,102000
2020-02-05 10:15:00,44.769713764399995,44.8914764759,44.7258791883,44.7599727475,77259
2020-02-05 10:00:00,44.7307496967,44.8281598659,44.6333395275,44.7599727475,167631
2020-02-05 09:45:00,44.5943754599,44.8086778321,44.506706307600005,44.7307496967,130529
2020-02-04 16:15:00,44.1949937661,44.1949937661,44.1949937661,44.1949937661,24360
2020-02-04 16:00:00,44.2339578338,44.2583103761,44.1170656308,44.1949937661,461153
2020-02-04 15:45:00,44.2290873254,44.292403935299994,44.2193463084,44.2339578338,120881
2020-02-04 15:30:00,44.185252749200004,44.2583103761,44.175511732299995,44.2339578338,71126
2020-02-04 15:15:00,44.2583103761,44.2972744438,44.1657707154,44.1803822408,114097
2020-02-04 15:00:00,44.2436988507,44.3021449523,44.2339578338,44.2534398677,45969
2020-02-04 14:45:00,44.107324613900005,44.3216269861,44.1024541054,44.2436988507,111224
2020-02-04 14:30:00,44.2047347831,44.2047347831,44.097583596899995,44.109467637600005,48887
2020-02-04 14:15:00,44.2096052915,44.2242168169,44.160900206899996,44.1998642746,51378
2020-02-04 14:00:00,44.1901232577,44.2339578338,44.1657707154,44.2096052915,35021
2020-02-04 13:45:00,44.309158484399994,44.3118859692,44.175511732299995,44.185252749200004,48572
2020-02-04 13:30:00,44.3605910538,44.3800730876,44.2631808846,44.30701546069999,48411
2020-02-04 13:15:00,44.4385191891,44.458001223000004,44.3508500369,44.3605910538,27767
2020-02-04 13:00:00,44.4385191891,44.4385191891,44.3752025792,44.428778172200005,31299
2020-02-04 12:45:00,44.428778172200005,44.47748325680001,44.3898141045,44.443389697600004,55453
2020-02-04 12:30:00,44.3118859692,44.428778172200005,44.2729219015,44.4239076638,39419
2020-02-04 12:15:00,44.214475799999995,44.3167564776,44.214475799999995,44.3167564776,59293
2020-02-04 12:00:00,44.214475799999995,44.2631808846,44.175511732299995,44.2096052915,47186
2020-02-04 11:45:00,44.2290873254,44.2290873254,44.12680664770001,44.2193463084,56532
2020-02-04 11:30:00,44.1949937661,44.2583103761,44.175511732299995,44.2339578338,45071
2020-02-04 11:15:00,44.2047347831,44.2729219015,44.160900206899996,44.185252749200004,56147
2020-02-04 11:00:00,44.2436988507,44.2436988507,44.1316771562,44.1998642746,77170
2020-02-04 10:45:00,44.2047347831,44.2729219015,44.175511732299995,44.2339578338,47035
2020-02-04 10:30:00,44.238828342299996,44.238828342299996,44.1024541054,44.185252749200004,69005
2020-02-04 10:15:00,44.214475799999995,44.3021449523,44.185252749200004,44.2339578338,107863
2020-02-04 10:00:00,44.2436988507,44.370332070699995,44.2047347831,44.2047347831,150374
2020-02-04 09:45:00,44.3216269861,44.5018357991,44.2047347831,44.2468159762,121457
2020-02-03 16:15:00,43.7956120724,43.7956120724,43.7956120724,43.7956120724,86742
2020-02-03 16:00:00,43.8832812247,43.907633767,43.7858710555,43.7858710555,486690
2020-02-03 15:45:00,43.970950377,43.9758208854,43.8832812247,43.8832812247,174147
2020-02-03 15:30:00,43.8589286824,43.9904324108,43.839446648599996,43.9758208854,120270
2020-02-03 15:15:00,43.8540581739,43.912504275500005,43.844317157,43.8589286824,105761
2020-02-03 15:00:00,43.8784107162,43.9222452924,43.834576140100005,43.8589286824,106540
2020-02-03 14:45:00,43.8297056316,43.8930222416,43.805353089300006,43.8784107162,85947
2020-02-03 14:30:00,43.8102235978,43.863799190900004,43.7990214283,43.8297056316,82972
2020-02-03 14:15:00,43.790741563999994,43.844317157,43.756648004700004,43.8102235978,114898
2020-02-03 14:00:00,43.819964614700005,43.834576140100005,43.7517774963,43.7956120724,60248
2020-02-03 13:45:00,43.834576140100005,43.8540581739,43.781000547,43.824835123199996,56304
2020-02-03 13:30:00,43.834576140100005,43.863799190900004,43.790741563999994,43.8297056316,62919
2020-02-03 13:15:00,43.8832812247,43.8930222416,43.7956120724,43.834576140100005,74164
2020-02-03 13:00:00,43.8735402078,43.9222452924,43.844317157,43.8832812247,62171
2020-02-03 12:45:00,43.7858710555,43.897892750100006,43.7858710555,43.8686696993,55155
2020-02-03 12:30:00,43.72742495399999,43.834576140100005,43.71281342859999,43.781000547,63631
2020-02-03 12:15:00,43.651152791499996,43.732295462399996,43.5959212256,43.732295462399996,114448
2020-02-03 12:00:00,43.5423456325,43.6494968186,43.483899531000006,43.6494968186,145100
2020-02-03 11:45:00,43.6689788525,43.683590377799995,43.5131225817,43.54721614100001,122592
2020-02-03 11:30:00,43.776130038599995,43.8102235978,43.6494968186,43.6592378355,132899
2020-02-03 11:15:00,43.8832812247,43.9027632585,43.7663890217,43.781000547,111299
2020-02-03 11:00:00,43.9563388516,43.9612093601,43.8150941063,43.888054323,105638
2020-02-03 10:45:00,44.034266986999995,44.0732310546,43.9417273262,43.9563388516,108156
2020-02-03 10:30:00,43.8784107162,44.0391374954,43.805353089300006,44.0391374954,371329
2020-02-03 10:15:00,43.970950377,44.097583596899995,43.834576140100005,43.8784107162,205913
2020-02-03 10:00:00,43.9141602483,43.9806913939,43.8540581739,43.9563388516,77511
2020-02-03 09:45:00,43.805353089300006,43.9027632585,43.483899531000006,43.9027632585,235004
2020-02-03 07:15:00,42.9871076681,42.9871076681,42.9871076681,42.9871076681,120
2020-01-31 19:00:00,43.3377842772,43.3377842772,43.3377842772,43.3377842772,150
2020-01-31 16:30:00,43.600791734,43.600791734,43.600791734,43.600791734,6387
2020-01-31 16:15:00,43.600791734,43.600791734,43.600791734,43.600791734,192278
2020-01-31 16:00:00,43.6154032594,43.7371659709,43.552086649399996,43.5910507171,900756
2020-01-31 15:45:00,43.44006495479999,43.6397558017,43.405971395600005,43.6202737679,322899
2020-01-31 15:30:00,43.5228635987,43.5715686833,43.435194446400004,43.435194446400004,204812
2020-01-31 15:15:00,43.7371659709,43.756648004700004,43.503381564799994,43.5277341071,157040
2020-01-31 15:00:00,43.7176839371,43.8150941063,43.7079429201,43.746906987799996,174781
2020-01-31 14:45:00,43.6446263102,43.7858710555,43.6397558017,43.7212881133,118453
2020-01-31 14:30:00,43.7079429201,43.732295462399996,43.6154032594,43.6446263102,77159
2020-01-31 14:15:00,43.6202737679,43.756648004700004,43.6202737679,43.7030724117,98730
2020-01-31 14:00:00,43.5861802086,43.6397558017,43.561827666300005,43.6154032594,74032
2020-01-31 13:45:00,43.6689788525,43.6787198694,43.576439191700004,43.5861802086,58921
2020-01-31 13:30:00,43.6787198694,43.6787198694,43.5813097002,43.6787198694,72259
2020-01-31 13:15:00,43.698201903199994,43.756648004700004,43.6300147848,43.67940174060001,84721
2020-01-31 13:00:00,43.698201903199994,43.732295462399996,43.600791734,43.6884608863,77953
2020-01-31 12:45:00,43.8150941063,43.8150941063,43.6105327509,43.7079429201,101092
2020-01-31 12:30:00,43.756648004700004,43.834576140100005,43.72742495399999,43.819964614700005,83187
2020-01-31 12:15:00,43.849187665500004,43.8881517332,43.7663890217,43.7663890217,89858
2020-01-31 12:00:00,43.8004825809,43.8540581739,43.756648004700004,43.844317157,88127
2020-01-31 11:45:00,43.561827666300005,43.8540581739,43.537475124,43.805353089300006,129945
2020-01-31 11:30:00,43.4741585141,43.600791734,43.3962303787,43.561827666300005,99677
2020-01-31 11:15:00,43.5228635987,43.5569571579,43.45467648020001,43.4790290225,108026
2020-01-31 11:00:00,43.6300147848,43.6446263102,43.5131225817,43.5277341071,132218
2020-01-31 10:45:00,43.698201903199994,43.72742495399999,43.5813097002,43.6397558017,96705
2020-01-31 10:30:00,43.5910507171,43.824835123199996,43.5423456325,43.7030724117,181503
2020-01-31 10:15:00,43.6933313948,43.732295462399996,43.552086649399996,43.600791734,131233
2020-01-31 10:00:00,43.7663890217,43.8150941063,43.5813097002,43.6787198694,146833
2020-01-31 09:45:00,44.3021449523,44.4385191891,43.503381564799994,43.776130038599995,300920
2020-01-31 09:30:00,44.3118859692,44.3118859692,44.292403935299994,44.292403935299994,200
2020-01-31 08:45:00,45.34443376270001,45.34443376270001,45.34443376270001,45.34443376270001,250
2020-01-30 16:30:00,44.701526646000005,44.701526646000005,44.701526646000005,44.701526646000005,751
2020-01-30 16:15:00,44.613857493699996,44.623598510600004,44.613857493699996,44.623598510600004,355580
2020-01-30 16:00:00,44.4015033248,44.643080544499995,44.365461562200004,44.6041164768,1126887
2020-01-30 15:45:00,44.448260206099995,44.4677422399,44.3021449523,44.4044256299,310051
2020-01-30 15:30:00,44.443389697600004,44.506706307600005,44.384943596099994,44.4531307145,140421
2020-01-30 15:15:00,44.4969652907,44.613857493699996,44.4239076638,44.4385191891,107078
2020-01-30 15:00:00,44.39955512149999,44.5456703753,44.3021449523,44.4726127484,189131
2020-01-30 14:45:00,44.448260206099995,44.5943754599,44.384943596099994,44.39955512149999,331554
2020-01-30 14:30:00,44.4531307145,44.4872242737,44.428778172200005,44.4531307145,71307
2020-01-30 14:15:00,44.4628717314,44.4823537653,44.3898141045,44.4531307145,68314
2020-01-30 14:00:00,44.506706307600005,44.5164473245,44.4044256299,44.4628717314,72622
2020-01-30 13:45:00,44.428778172200005,44.5164473245,44.3752025792,44.506706307600005,75621
2020-01-30 13:30:00,44.3459795284,44.47748325680001,44.331368003,44.433648680699996,85024
2020-01-30 13:15:00,44.331368003,44.3459795284,44.2242168169,44.341109019899996,189345
2020-01-30 13:00:00,44.341109019899996,44.4092961384,44.3118859692,44.3216269861,85167
2020-01-30 12:45:00,44.4969652907,44.521317833000005,44.331368003,44.3420831216,82287
2020-01-30 12:30:00,44.4726127484,44.5261883414,44.4385191891,44.4969652907,84693
2020-01-30 12:15:00,44.4726127484,44.521317833000005,44.384943596099994,44.4726127484,96603
2020-01-30 12:00:00,44.3216269861,44.4969652907,44.2972744438,44.4677422399,91331
2020-01-30 11:45:00,44.3118859692,44.4385191891,44.2925013455,44.3216269861,124153
2020-01-30 11:30:00,44.029396478500004,44.3459795284,44.019655461599996,44.3118859692,155439
2020-01-30 11:15:00,44.175511732299995,44.177070295,43.912504275500005,44.04887851229999,111012
2020-01-30 11:00:00,44.3605910538,44.362441847,44.12680664770001,44.175511732299995,89117
2020-01-30 10:45:00,44.433648680699996,44.4677422399,44.3118859692,44.341109019899996,149676
2020-01-30 10:30:00,44.4969652907,44.5943754599,44.3264974946,44.419037155299996,258700
2020-01-30 10:15:00,44.1998642746,44.4969652907,44.15602969850001,44.4677422399,300787
2020-01-30 10:00:00,44.2631808846,44.3216269861,43.9027632585,44.1739531696,240699
2020-01-30 09:45:00,44.4385191891,44.8086778321,43.6227090221,44.2436988507,524220
2020-01-30 09:30:00,44.7112676629,44.7112676629,44.7112676629,44.7112676629,250
2020-01-29 20:00:00,43.834576140100005,43.834576140100005,43.834576140100005,43.834576140100005,100
2020-01-29 19:45:00,43.863799190900004,43.863799190900004,43.834576140100005,43.834576140100005,298
2020-01-29 19:15:00,44.029396478500004,44.029396478500004,43.8832812247,43.9806913939,890
2020-01-29 18:45:00,44.9158290182,44.9158290182,43.9806913939,43.9806913939,1385
2020-01-29 18:30:00,44.8086778321,45.295728678100005,44.47748325680001,45.295728678100005,1203
2020-01-29 18:15:00,44.9060880013,44.9060880013,44.078101563100006,44.078101563100006,200
2020-01-29 16:45:00,43.8930222416,43.8930222416,43.8930222416,43.8930222416,200
2020-01-29 16:30:00,43.9612093601,44.078101563100006,43.318302243299996,43.8832812247,4948
2020-01-29 16:15:00,42.5487619067,43.9612093601,42.5487619067,43.0065897019,38966
2020-01-29 16:00:00,42.7408547603,42.753323261999995,42.529279872800004,42.529279872800004,565533
2020-01-29 15:45:00,42.7338412281,42.816639871999996,42.6656541097,42.738711736599996,178520
2020-01-29 15:30:00,42.6948771605,42.7525439806,42.6413015674,42.7411469908,98141
2020-01-29 15:15:00,42.7484527535,42.7825463127,42.6705246182,42.6948771605,102695
2020-01-29 15:00:00,42.792287329699995,42.8020283466,42.7435822451,42.7484527535,69756
2020-01-29 14:45:00,42.8020283466,42.8507334312,42.777675804299996,42.8020283466,85150
2020-01-29 14:30:00,42.7825463127,42.8458629227,42.7728052958,42.7971578381,54859
2020-01-29 14:15:00,42.8507334312,42.870215465,42.763064278899996,42.777675804299996,56715
2020-01-29 14:00:00,42.8215103804,42.957884617299996,42.792287329699995,42.957884617299996,49957
2020-01-29 13:45:00,42.8458629227,42.8507334312,42.8020283466,42.8263808889,48467
2020-01-29 13:30:00,42.8848269904,42.8994385158,42.8409924143,42.8458629227,56731
2020-01-29 13:15:00,42.8507334312,42.8994385158,42.8458629227,42.8799564819,85084
2020-01-29 13:00:00,42.8312513973,42.8556039396,42.8117693635,42.8556039396,46048
2020-01-29 12:45:00,42.8215103804,42.8604744481,42.8117693635,42.8312513973,46165
2020-01-29 12:30:00,42.8215103804,42.8312513973,42.8020283466,42.8263808889,44911
2020-01-29 12:15:00,42.8117693635,42.8465447939,42.7971578381,42.8215103804,44218
2020-01-29 12:00:00,42.792287329699995,42.8215103804,42.7728052958,42.816639871999996,36657
2020-01-29 11:45:00,42.8458629227,42.8556039396,42.763064278899996,42.7825463127,68147
2020-01-29 11:30:00,42.8458629227,42.8799564819,42.8215103804,42.8507334312,60516
2020-01-29 11:15:00,42.870215465,42.9091795327,42.8020283466,42.8507334312,44902
2020-01-29 11:00:00,42.7971578381,42.9043090242,42.7825463127,42.870215465,43752
2020-01-29 10:45:00,42.8215103804,42.870215465,42.7825463127,42.792287329699995,50510
2020-01-29 10:30:00,42.685136143499996,42.8799564819,42.685136143499996,42.8215103804,48933
2020-01-29 10:15:00,42.8750859735,42.8799564819,42.6364310589,42.6753951266,60877
2020-01-29 10:00:00,42.8312513973,42.9140500412,42.808262597399995,42.8740144616,49642
2020-01-29 09:45:00,42.9189205496,42.9189205496,42.724100211199996,42.8409924143,113273
2020-01-29 08:45:00,42.8604744481,42.8604744481,42.8604744481,42.8604744481,420
2020-01-29 08:15:00,43.71758652689999,43.71758652689999,43.71758652689999,43.71758652689999,223
2020-01-28 19:45:00,42.2760134329,42.2760134329,42.2760134329,42.2760134329,300
2020-01-28 17:15:00,42.7825463127,42.7825463127,42.6948771605,42.6948771605,103596
2020-01-28 16:30:00,42.7825463127,42.7825463127,42.7825463127,42.7825463127,97469
2020-01-28 16:15:00,42.7825463127,42.7825463127,42.7825463127,42.7825463127,39957
2020-01-28 16:00:00,42.7874168212,42.870215465,42.753323261999995,42.7825463127,327921
2020-01-28 15:45:00,42.8507334312,42.8994385158,42.7581937704,42.7825463127,98401
2020-01-28 15:30:00,42.8848269904,42.8896974989,42.8361219058,42.8507334312,62195
2020-01-28 15:15:00,42.8994385158,42.9043090242,42.8507334312,42.8848269904,48647
2020-01-28 15:00:00,42.9627551258,42.9627551258,42.9043090242,42.9091795327,45798
2020-01-28 14:45:00,42.8215103804,42.9627551258,42.8215103804,42.957884617299996,46511
2020-01-28 14:30:00,42.8556039396,42.8896974989,42.8215103804,42.8263808889,46557
2020-01-28 14:15:00,42.753323261999995,42.8507334312,42.753323261999995,42.8507334312,39315
2020-01-28 14:00:00,42.724100211199996,42.7825463127,42.724100211199996,42.753323261999995,44077
2020-01-28 13:45:00,42.685136143499996,42.7435822451,42.6671152622,42.724100211199996,38817
2020-01-28 13:30:00,42.6705246182,42.6948771605,42.6413015674,42.685136143499996,22084
2020-01-28 13:15:00,42.724100211199996,42.7338412281,42.6591276284,42.6802656351,26004
2020-01-28 13:00:00,42.685136143499996,42.7581937704,42.685136143499996,42.7289707197,30947
2020-01-28 12:45:00,42.6753951266,42.685136143499996,42.6364310589,42.6802656351,33187
2020-01-28 12:30:00,42.6753951266,42.685136143499996,42.6656541097,42.685136143499996,35791
2020-01-28 12:15:00,42.6364310589,42.7143591943,42.6364310589,42.685136143499996,25756
2020-01-28 12:00:00,42.621819533600004,42.646172075900004,42.568243940500004,42.631560550500005,50584
2020-01-28 11:45:00,42.685136143499996,42.685136143499996,42.6120785166,42.6263004013,34806
2020-01-28 11:30:00,42.7046181774,42.724100211199996,42.626690042,42.6948771605,62985
2020-01-28 11:15:00,42.8750859735,42.8896974989,42.7143591943,42.724100211199996,52736
2020-01-28 11:00:00,42.8653449566,42.9140500412,42.8361219058,42.8750859735,60822
2020-01-28 10:45:00,42.753323261999995,42.8799564819,42.7338412281,42.8604744481,81077
2020-01-28 10:30:00,42.6656541097,42.8312513973,42.646172075900004,42.763064278899996,75133
2020-01-28 10:15:00,42.5000568221,42.6948771605,42.5000568221,42.6705246182,63934
2020-01-28 10:00:00,42.4610927544,42.553632415100004,42.3977761444,42.4903158051,118611
2020-01-28 09:45:00,42.568243940500004,42.685136143499996,42.402646652899996,42.4610927544,114814
2020-01-28 09:30:00,42.4318697036,42.4318697036,42.4318697036,42.4318697036,100
2020-01-27 16:15:00,42.402646652899996,42.402646652899996,42.402646652899996,42.402646652899996,42311
2020-01-27 16:00:00,42.5049273305,42.5341503813,42.402646652899996,42.402646652899996,363186
2020-01-27 15:45:00,42.529279872800004,42.529279872800004,42.4318697036,42.5000568221,130610
2020-01-27 15:30:00,42.4883676018,42.568243940500004,42.4883676018,42.529279872800004,81113
2020-01-27 15:15:00,42.529279872800004,42.5487619067,42.4513517375,42.4876857306,58259
2020-01-27 15:00:00,42.5487619067,42.5487619067,42.4513517375,42.529279872800004,50380
2020-01-27 14:45:00,42.573114449,42.5828554659,42.529279872800004,42.5585029236,40211
2020-01-27 14:30:00,42.5877259743,42.6023374997,42.5244093644,42.5779849574,34774
2020-01-27 14:15:00,42.5585029236,42.5974669913,42.509797839,42.5779849574,44393
2020-01-27 14:00:00,42.5585029236,42.5877259743,42.5341503813,42.553632415100004,38297
2020-01-27 13:45:00,42.5877259743,42.626690042,42.5438913982,42.553632415100004,41342
2020-01-27 13:30:00,42.5390208897,42.6364310589,42.5341503813,42.590843099699995,55295
2020-01-27 13:15:00,42.5585029236,42.626690042,42.529279872800004,42.5390208897,36374
2020-01-27 13:00:00,42.592596482800005,42.6120785166,42.529279872800004,42.5585029236,39216
2020-01-27 12:45:00,42.592596482800005,42.616949025100006,42.5487619067,42.5974669913,29669
2020-01-27 12:30:00,42.607208008200004,42.685136143499996,42.569705093,42.5877259743,43039
2020-01-27 12:15:00,42.6364310589,42.6948771605,42.5877259743,42.607208008200004,50830
2020-01-27 12:00:00,42.724100211199996,42.7338412281,42.616949025100006,42.646172075900004,108842
2020-01-27 11:45:00,42.6656541097,42.763064278899996,42.6559130928,42.7338412281,35164
2020-01-27 11:30:00,42.592596482800005,42.690201472300004,42.568243940500004,42.6705246182,81020
2020-01-27 11:15:00,42.5877259743,42.6559130928,42.568243940500004,42.5877259743,40742
2020-01-27 11:00:00,42.616949025100006,42.6413015674,42.4903158051,42.5877259743,58505
2020-01-27 10:45:00,42.6510425843,42.6948771605,42.568243940500004,42.616949025100006,73522
2020-01-27 10:30:00,42.2808839414,42.7046181774,42.266272416,42.6510425843,210572
2020-01-27 10:15:00,42.4513517375,42.4513517375,42.2419198737,42.2857544498,154597
2020-01-27 10:00:00,42.4416107205,42.626690042,42.3247185175,42.4430718731,174633
2020-01-27 09:45:00,42.626690042,42.626690042,42.3636825852,42.4416107205,255523
2020-01-27 09:30:00,42.6948771605,42.6948771605,42.6948771605,42.6948771605,100
2020-01-24 16:15:00,43.152704955699996,43.2842086841,43.152704955699996,43.152704955699996,168494
2020-01-24 16:00:00,43.0260717357,43.162445972600004,43.0163307188,43.1429639388,293196
2020-01-24 15:45:00,43.152704955699996,43.1575754642,43.0017191934,43.0260717357,103045
2020-01-24 15:30:00,43.1721869895,43.196539531800006,43.1429639388,43.152704955699996,53191
2020-01-24 15:15:00,43.0699063119,43.167316481099995,43.035812752700004,43.167316481099995,71893
2020-01-24 15:00:00,42.8994385158,43.074776820299995,42.8409924143,43.0699063119,96483
2020-01-24 14:45:00,43.0163307188,43.0796473288,42.8994385158,42.8994385158,66994
2020-01-24 14:30:00,43.0845178373,43.0942588542,42.990517024,43.0114602104,37694
2020-01-24 14:15:00,43.1429639388,43.1429639388,43.0455537696,43.074776820299995,34093
2020-01-24 14:00:00,43.1234819049,43.152704955699996,43.0845178373,43.13322292189999,33647
2020-01-24 13:45:00,43.196539531800006,43.196539531800006,43.113740888,43.1283524134,38263
2020-01-24 13:30:00,43.2014100403,43.230633091099996,43.181928006499994,43.2014100403,24618
2020-01-24 13:15:00,43.230633091099996,43.230633091099996,43.167316481099995,43.196539531800006,27671
2020-01-24 13:00:00,43.2598561418,43.2598561418,43.2014100403,43.2355035995,28212
2020-01-24 12:45:00,43.2501151249,43.318302243299996,43.2501151249,43.2695971587,54685
2020-01-24 12:30:00,43.318302243299996,43.318302243299996,43.1721869895,43.2452446164,47417
2020-01-24 12:15:00,43.3231727518,43.357266311000004,43.2647266503,43.3085612264,42180
2020-01-24 12:00:00,43.3377842772,43.391359870200006,43.3085612264,43.3280432603,48327
2020-01-24 11:45:00,43.357266311000004,43.3864893618,43.2842086841,43.3377842772,59795
2020-01-24 11:30:00,43.3718778364,43.3816188533,43.225762582600005,43.3670073279,72340
2020-01-24 11:15:00,43.318302243299996,43.4515593548,43.318302243299996,43.3718778364,49366
2020-01-24 11:00:00,43.2501151249,43.3280432603,43.2208920741,43.3280432603,33177
2020-01-24 10:45:00,43.2695971587,43.347525294099995,43.230633091099996,43.2598561418,77172
2020-01-24 10:30:00,43.391359870200006,43.435194446400004,43.2695971587,43.2695971587,43278
2020-01-24 10:15:00,43.53260461560001,43.5423456325,43.357266311000004,43.391359870200006,99392
2020-01-24 10:00:00,43.5861802086,43.600791734,43.435194446400004,43.5277341071,78922
2020-01-24 09:45:00,43.8832812247,43.8930222416,43.561827666300005,43.5813097002,96649
2020-01-24 08:15:00,44.7599727475,44.8866059675,44.7599727475,44.8866059675,2000
2020-01-23 16:15:00,43.805353089300006,43.805353089300006,43.805353089300006,43.805353089300006,97697
2020-01-23 16:00:00,43.756648004700004,43.8735402078,43.7371659709,43.805353089300006,253178
2020-01-23 15:45:00,43.8150941063,43.863799190900004,43.7517774963,43.756648004700004,92058
2020-01-23 15:30:00,43.8102235978,43.834576140100005,43.756648004700004,43.8150941063,51925
2020-01-23 15:15:00,43.8404207502,43.8735402078,43.8191853334,43.819964614700005,30498
2020-01-23 15:00:00,43.800579991000006,43.844317157,43.776130038599995,43.844317157,18332
2020-01-23 14:45:00,43.8150941063,43.824835123199996,43.8004825809,43.805353089300006,24354
2020-01-23 14:30:00,43.824835123199996,43.8589286824,43.8102235978,43.8150941063,20825
2020-01-23 14:15:00,43.771259530100004,43.8297056316,43.771259530100004,43.819964614700005,24375
2020-01-23 14:00:00,43.6933313948,43.7858710555,43.6884608863,43.7663890217,30761
2020-01-23 13:45:00,43.6397558017,43.698201903199994,43.6301121949,43.6884608863,26276
2020-01-23 13:30:00,43.5910507171,43.6884608863,43.5861802086,43.6397558017,23328
2020-01-23 13:15:00,43.5813097002,43.6202737679,43.5715686833,43.5959212256,20082
2020-01-23 13:00:00,43.5910507171,43.6105327509,43.5783873951,43.5813097002,17078
2020-01-23 12:45:00,43.698201903199994,43.72742495399999,43.5813097002,43.600791734,31007
2020-01-23 12:30:00,43.698201903199994,43.7079429201,43.6787198694,43.6884608863,18409
2020-01-23 12:15:00,43.664108344,43.698201903199994,43.6397558017,43.6933313948,24336
2020-01-23 12:00:00,43.6348852932,43.6787198694,43.6154032594,43.663816113500005,18186
2020-01-23 11:45:00,43.5861802086,43.672193388000004,43.5861802086,43.6300147848,21263
2020-01-23 11:30:00,43.6056622425,43.6202737679,43.561827666300005,43.5910507171,27249
2020-01-23 11:15:00,43.6592378355,43.6787198694,43.5910507171,43.6056622425,33629
2020-01-23 11:00:00,43.6300147848,43.6446263102,43.5910507171,43.6397558017,24304
2020-01-23 10:45:00,43.6884608863,43.7176839371,43.6300147848,43.6397558017,32004
2020-01-23 10:30:00,43.6689788525,43.698201903199994,43.6056622425,43.6787198694,45311
2020-01-23 10:15:00,43.5910507171,43.6787198694,43.552086649399996,43.6689788525,48761
2020-01-23 10:00:00,43.405971395600005,43.5910507171,43.357266311000004,43.5910507171,45273
2020-01-23 09:45:00,43.5813097002,43.6300147848,43.3962303787,43.3962303787,127668
2020-01-23 09:30:00,43.776130038599995,43.776130038599995,43.776130038599995,43.776130038599995,100
2020-01-22 16:30:00,43.7663890217,43.824835123199996,43.7663890217,43.824835123199996,21100
2020-01-22 16:15:00,43.7663890217,43.7663890217,43.7663890217,43.7663890217,213573
2020-01-22 16:00:00,43.8004825809,43.8735402078,43.7663890217,43.7663890217,266966
2020-01-22 15:45:00,43.7858710555,43.8832812247,43.781000547,43.7956120724,71579
2020-01-22 15:30:00,43.7858710555,43.7956120724,43.756648004700004,43.781000547,50077
2020-01-22 15:15:00,43.834576140100005,43.834576140100005,43.771259530100004,43.7858710555,33604
2020-01-22 15:00:00,43.7956120724,43.8540581739,43.776130038599995,43.834576140100005,45519
2020-01-22 14:45:00,43.8540581739,43.8540581739,43.7858710555,43.7956120724,31270
2020-01-22 14:30:00,43.844317157,43.8540581739,43.8150941063,43.8540581739,39510
2020-01-22 14:15:00,43.781000547,43.863799190900004,43.776130038599995,43.844317157,33479
2020-01-22 14:00:00,43.8297056316,43.8540581739,43.7858710555,43.7956120724,32833
2020-01-22 13:45:00,43.781000547,43.849187665500004,43.746906987799996,43.8297056316,36293
2020-01-22 13:30:00,43.776130038599995,43.7956120724,43.756648004700004,43.781000547,27747
2020-01-22 13:15:00,43.805353089300006,43.805353089300006,43.72742495399999,43.781000547,35566
2020-01-22 13:00:00,43.8150941063,43.834576140100005,43.790741563999994,43.8004825809,19417
2020-01-22 12:45:00,43.849187665500004,43.863799190900004,43.805353089300006,43.8150941063,27567
2020-01-22 12:30:00,43.897892750100006,43.9027632585,43.834576140100005,43.844317157,29185
2020-01-22 12:15:00,43.9368568178,43.951468343100004,43.8930222416,43.8930222416,31978
2020-01-22 12:00:00,43.970950377,43.970950377,43.8930222416,43.9368568178,31035
2020-01-22 11:45:00,43.912504275500005,43.9904324108,43.8832812247,43.9758208854,49578
2020-01-22 11:30:00,43.897892750100006,43.9904324108,43.897892750100006,43.912504275500005,41775
2020-01-22 11:15:00,43.897892750100006,43.951468343100004,43.8735402078,43.9027632585,42328
2020-01-22 11:00:00,43.9904324108,44.014784953100005,43.9027632585,43.9027632585,37933
2020-01-22 10:45:00,43.9904324108,44.019655461599996,43.951468343100004,43.9904324108,45556
2020-01-22 10:30:00,43.9319863093,44.000173427700005,43.9027632585,43.9904324108,59328
2020-01-22 10:15:00,44.019655461599996,44.044008003900004,43.8930222416,43.9319863093,67649
2020-01-22 10:00:00,44.08784258,44.1365476646,43.9806913939,44.005043936199996,44375
2020-01-22 09:45:00,44.0683605462,44.1365476646,43.9612093601,44.097583596899995,97560
2020-01-21 16:15:00,43.951468343100004,43.951468343100004,43.951468343100004,43.951468343100004,174288
2020-01-21 16:00:00,43.9222452924,43.9806913939,43.8735402078,43.951468343100004,366034
2020-01-21 15:45:00,44.005043936199996,44.0391374954,43.9173747839,43.927115800799996,102470
2020-01-21 15:30:00,44.06349003770001,44.0683605462,43.9904324108,44.0099144447,53831
2020-01-21 15:15:00,44.0586195293,44.08784258,44.044008003900004,44.0586195293,61651
2020-01-21 15:00:00,44.08784258,44.08784258,44.0099144447,44.0489759225,45338
2020-01-21 14:45:00,44.0391374954,44.107324613900005,44.019655461599996,44.08784258,51870
2020-01-21 14:30:00,44.04887851229999,44.08784258,44.029396478500004,44.029396478500004,52227
2020-01-21 14:15:00,43.9660798685,44.078101563100006,43.9660798685,44.04887851229999,65236
2020-01-21 14:00:00,44.005043936199996,44.005043936199996,43.9465978347,43.970950377,56137
2020-01-21 13:45:00,44.034266986999995,44.0391374954,43.9427014279,44.000173427700005,45518
2020-01-21 13:30:00,44.112195122299994,44.1170656308,43.9855619024,44.0326110141,72948
2020-01-21 13:15:00,44.0732310546,44.146288681499996,44.0693346479,44.107324613900005,50332
2020-01-21 13:00:00,44.175511732299995,44.175511732299995,44.0732310546,44.078101563100006,47084
2020-01-21 12:45:00,44.1365476646,44.2096052915,44.1316771562,44.175511732299995,52960
2020-01-21 12:30:00,44.175511732299995,44.185252749200004,44.1170656308,44.12680664770001,50330
2020-01-21 12:15:00,44.15602969850001,44.2047347831,44.1219361392,44.175511732299995,104099
2020-01-21 12:00:00,44.005043936199996,44.170641223800004,44.000173427700005,44.15602969850001,83996
2020-01-21 11:45:00,43.9027632585,44.019655461599996,43.8881517332,44.002121631099996,49529
2020-01-21 11:30:00,43.912504275500005,43.9465978347,43.8832812247,43.8930222416,57031
2020-01-21 11:15:00,43.9222452924,44.000173427700005,43.912504275500005,43.9222452924,64154
2020-01-21 11:00:00,43.951468343100004,43.951468343100004,43.9027632585,43.9173747839,36235
2020-01-21 10:45:00,43.9904324108,44.0391374954,43.9417273262,43.9417273262,54561
2020-01-21 10:30:00,44.000173427700005,44.000173427700005,43.8784107162,43.9904324108,119401
2020-01-21 10:15:00,43.9746519634,44.0732310546,43.951468343100004,44.005043936199996,87840
2020-01-21 10:00:00,43.7858710555,44.0099144447,43.756648004700004,43.9806913939,116298
2020-01-21 09:45:00,43.9319863093,43.9904324108,43.7079429201,43.778662703,137626
2020-01-21 08:15:00,44.078101563100006,44.078101563100006,44.078101563100006,44.078101563100006,100
2020-01-17 16:15:00,44.078101563100006,44.078101563100006,44.078101563100006,44.078101563100006,135840
2020-01-17 16:00:00,44.019655461599996,44.092713088500005,44.019655461599996,44.0683605462,416896
2020-01-17 15:45:00,43.9806913939,44.04887851229999,43.95312431600001,44.02452597,126770
2020-01-17 15:30:00,43.9806913939,44.0099144447,43.951468343100004,43.9904324108,69454
2020-01-17 15:15:00,44.0586195293,44.078101563100006,43.9417273262,43.9806913939,50124
2020-01-17 15:00:00,44.0456639768,44.0586195293,44.0099144447,44.0537490208,39642
2020-01-17 14:45:00,44.0586195293,44.0639770886,44.022967407299994,44.0391374954,42535
2020-01-17 14:30:00,44.04887851229999,44.1170656308,44.04887851229999,44.0543334818,38515
2020-01-17 14:15:00,44.04887851229999,44.08784258,44.0391374954,44.04887851229999,22416
2020-01-17 14:00:00,44.12680664770001,44.1316771562,44.029396478500004,44.04887851229999,34558
2020-01-17 13:45:00,44.14141817310001,44.15602969850001,44.1170656308,44.1365476646,25623
2020-01-17 13:30:00,44.1365476646,44.175511732299995,44.12680664770001,44.146288681499996,25952
2020-01-17 13:15:00,44.1365476646,44.1365476646,44.08784258,44.1365476646,25681
2020-01-17 13:00:00,44.112195122299994,44.15602969850001,44.092713088500005,44.14141817310001,30660
2020-01-17 12:45:00,44.12680664770001,44.1316771562,44.078101563100006,44.1170656308,25184
2020-01-17 12:30:00,44.0586195293,44.1365476646,44.034266986999995,44.1365476646,42159
2020-01-17 12:15:00,44.04887851229999,44.0683605462,44.0099144447,44.06349003770001,33229
2020-01-17 12:00:00,44.019655461599996,44.0674838547,44.005043936199996,44.04887851229999,30267
2020-01-17 11:45:00,44.107324613900005,44.107324613900005,43.9904324108,44.02452597,45059
2020-01-17 11:30:00,44.034266986999995,44.12680664770001,44.0099144447,44.1170656308,49487
2020-01-17 11:15:00,44.1170656308,44.1365476646,44.029396478500004,44.034266986999995,47272
2020-01-17 11:00:00,44.214475799999995,44.236880138900005,44.0586195293,44.12680664770001,68615
2020-01-17 10:45:00,44.3362385115,44.370332070699995,44.2193463084,44.2242168169,57580
2020-01-17 10:30:00,44.2436988507,44.3605910538,44.185252749200004,44.3508500369,41427
2020-01-17 10:15:00,44.2242168169,44.292403935299994,44.2047347831,44.2534398677,65491
2020-01-17 10:00:00,44.3118859692,44.3118859692,44.1365476646,44.2339578338,121152
2020-01-17 09:45:00,44.2242168169,44.3605910538,44.0683605462,44.3118859692,605130
2020-01-17 08:15:00,44.7599727475,44.7599727475,44.7599727475,44.7599727475,218
2020-01-16 16:15:00,44.1657707154,44.1657707154,44.1657707154,44.1657707154,65115
2020-01-16 16:00:00,44.1949937661,44.2242168169,44.1170656308,44.1657707154,373515
2020-01-16 15:45:00,44.1226180104,44.1949937661,44.107324613900005,44.1949937661,91098
2020-01-16 15:30:00,44.0829720716,44.1365476646,44.0683605462,44.1170656308,74693
2020-01-16 15:15:00,44.1657707154,44.175511732299995,44.078101563100006,44.0829720716,79478
2020-01-16 15:00:00,44.1949937661,44.2096052915,44.1657707154,44.1657707154,60823
2020-01-16 14:45:00,44.2485693592,44.2583103761,44.1949937661,44.1998642746,78287
2020-01-16 14:30:00,44.2729219015,44.2826629184,44.2242168169,44.2485693592,68530
2020-01-16 14:15:00,44.2583103761,44.27779241,44.1998642746,44.268051393,80864
2020-01-16 14:00:00,44.2436988507,44.2631808846,44.2242168169,44.2583103761,44227
2020-01-16 13:45:00,44.1657707154,44.2583103761,44.1657707154,44.2485693592,82092
2020-01-16 13:30:00,44.107324613900005,44.175511732299995,44.107324613900005,44.175511732299995,70514
2020-01-16 13:15:00,44.112195122299994,44.1170656308,44.08784258,44.1024541054,51406
2020-01-16 13:00:00,44.0732310546,44.12680664770001,44.0732310546,44.112195122299994,32437
2020-01-16 12:45:00,44.04887851229999,44.0829720716,44.029396478500004,44.078101563100006,33614
2020-01-16 12:30:00,44.0537490208,44.08784258,44.029396478500004,44.0586195293,37975
2020-01-16 12:15:00,44.0829720716,44.12680664770001,44.029396478500004,44.044008003900004,47847
2020-01-16 12:00:00,44.2193463084,44.2583103761,44.078101563100006,44.08784258,56241
2020-01-16 11:45:00,44.15602969850001,44.2729219015,44.15115919,44.2242168169,73068
2020-01-16 11:30:00,44.1001162613,44.185252749200004,44.08784258,44.146288681499996,75842
2020-01-16 11:15:00,44.005043936199996,44.1170656308,43.9806913939,44.107324613900005,70832
2020-01-16 11:00:00,43.9612093601,44.029396478500004,43.9319863093,44.000173427700005,83140
2020-01-16 10:45:00,43.9319863093,44.0391374954,43.9319863093,43.9660798685,97192
2020-01-16 10:30:00,43.9069518958,43.9563388516,43.839446648599996,43.9319863093,86315
2020-01-16 10:15:00,43.756648004700004,43.935103434700004,43.7371659709,43.9027632585,85241
2020-01-16 10:00:00,43.834576140100005,43.844317157,43.698201903199994,43.7517774963,72606
2020-01-16 09:45:00,43.4936405479,43.863799190900004,43.4303239379,43.834576140100005,143940
2020-01-16 09:30:00,43.561827666300005,43.561827666300005,43.561827666300005,43.561827666300005,100
2020-01-15 16:15:00,43.230633091099996,43.240374108000005,43.2208920741,43.240374108000005,47227
2020-01-15 16:00:00,43.1870907454,43.2793381757,43.1867985149,43.2501151249,335094
2020-01-15 15:45:00,43.2598561418,43.2695971587,43.152704955699996,43.1867985149,222626
2020-01-15 15:30:00,43.332913768699996,43.357266311000004,43.230633091099996,43.2598561418,105953
2020-01-15 15:15:00,43.4449354633,43.45467648020001,43.3085612264,43.3344723314,60352
2020-01-15 15:00:00,43.503381564799994,43.53260461560001,43.435194446400004,43.44006495479999,51217
2020-01-15 14:45:00,43.5423456325,43.5813097002,43.4936405479,43.5131225817,51457
2020-01-15 14:30:00,43.410841904099996,43.561827666300005,43.410841904099996,43.54721614100001,105334
2020-01-15 14:15:00,43.405971395600005,43.420582921000005,43.3767483449,43.410841904099996,42456
2020-01-15 14:00:00,43.405971395600005,43.45467648020001,43.3962303787,43.4011008872,51094
2020-01-15 13:45:00,43.4595469887,43.4595469887,43.3864893618,43.410841904099996,46052
2020-01-15 13:30:00,43.5227661885,43.5228635987,43.425453429499996,43.4595469887,44860
2020-01-15 13:15:00,43.53260461560001,43.552086649399996,43.4936405479,43.5228635987,32772
2020-01-15 13:00:00,43.6592378355,43.6592378355,43.5228635987,43.53260461560001,55102
2020-01-15 12:45:00,43.6056622425,43.6787198694,43.5861802086,43.6592378355,43664
2020-01-15 12:30:00,43.6202737679,43.6348852932,43.5861802086,43.6105327509,70708
2020-01-15 12:15:00,43.576439191700004,43.6300147848,43.552086649399996,43.6105327509,47734
2020-01-15 12:00:00,43.600791734,43.6372231373,43.5715686833,43.576439191700004,64854
2020-01-15 11:45:00,43.449805971800004,43.6446263102,43.449805971800004,43.600791734,91629
2020-01-15 11:30:00,43.410841904099996,43.4595469887,43.3864893618,43.45467648020001,51380
2020-01-15 11:15:00,43.3962303787,43.45467648020001,43.3670073279,43.410841904099996,57158
2020-01-15 11:00:00,43.410841904099996,43.4157124125,43.3377842772,43.405971395600005,59916
2020-01-15 10:45:00,43.3670073279,43.410841904099996,43.3134317349,43.410841904099996,82193
2020-01-15 10:30:00,43.162445972600004,43.3767483449,43.1429639388,43.3767483449,40518
2020-01-15 10:15:00,43.177057498,43.2695971587,43.1429639388,43.162445972600004,100100
2020-01-15 10:00:00,43.138093430299996,43.347525294099995,43.138093430299996,43.181928006499994,64125
2020-01-15 09:45:00,43.2014100403,43.211151057200006,42.870215465,43.13322292189999,186436
2020-01-15 09:30:00,43.1721869895,43.1721869895,43.1721869895,43.1721869895,175
2020-01-14 17:30:00,43.347525294099995,43.5715686833,43.347525294099995,43.5715686833,47294
2020-01-14 16:30:00,43.347525294099995,43.435194446400004,43.347525294099995,43.435194446400004,46434
2020-01-14 16:15:00,43.347525294099995,43.347525294099995,43.2452446164,43.2452446164,1383821
2020-01-14 16:00:00,43.2647266503,43.357266311000004,43.211151057200006,43.3377842772,644657
2020-01-14 15:45:00,43.2355035995,43.2842086841,43.211151057200006,43.2647266503,124893
2020-01-14 15:30:00,43.2695971587,43.2988202095,43.230633091099996,43.2355035995,61663
2020-01-14 15:15:00,43.2597587316,43.2890791926,43.230633091099996,43.2793381757,58890
2020-01-14 15:00:00,43.3257054162,43.3670073279,43.2501151249,43.254985633400004,35531
2020-01-14 14:45:00,43.314698067100004,43.318302243299996,43.2793381757,43.318302243299996,45802
2020-01-14 14:30:00,43.2744676672,43.3280432603,43.240374108000005,43.3134317349,46054
2020-01-14 14:15:00,43.391359870200006,43.3962303787,43.230633091099996,43.2793381757,62048
2020-01-14 14:00:00,43.3864893618,43.435194446400004,43.347525294099995,43.3962303787,55607
2020-01-14 13:45:00,43.449805971800004,43.45467648020001,43.293949701,43.3864893618,69893
2020-01-14 13:30:00,43.3864893618,43.4838021208,43.3816188533,43.4449354633,55412
2020-01-14 13:15:00,43.410841904099996,43.435194446400004,43.3767483449,43.3767483449,35442
2020-01-14 13:00:00,43.362136819499995,43.4157124125,43.362136819499995,43.410841904099996,29384
2020-01-14 12:45:00,43.3231727518,43.3864893618,43.318302243299996,43.3670073279,32910
2020-01-14 12:30:00,43.303690718,43.3377842772,43.2988202095,43.3253157755,31341
2020-01-14 12:15:00,43.2890791926,43.2988202095,43.2647266503,43.2988202095,37073
2020-01-14 12:00:00,43.254985633400004,43.3085612264,43.2501151249,43.2988202095,28402
2020-01-14 11:45:00,43.2744676672,43.2988202095,43.240374108000005,43.254985633400004,43189
2020-01-14 11:30:00,43.347525294099995,43.347525294099995,43.240374108000005,43.2793381757,64895
2020-01-14 11:15:00,43.2452446164,43.357266311000004,43.240374108000005,43.347525294099995,40641
2020-01-14 11:00:00,43.1916690234,43.254985633400004,43.1429639388,43.240374108000005,51968
2020-01-14 10:45:00,43.0114602104,43.2208920741,42.9773666511,43.196539531800006,56844
2020-01-14 10:30:00,42.9676256342,43.0455537696,42.9530141088,43.0114602104,52014
2020-01-14 10:15:00,43.1916690234,43.230633091099996,42.9384025835,42.957884617299996,84309
2020-01-14 10:00:00,43.211151057200006,43.2452446164,43.1429639388,43.2014100403,45935
2020-01-14 09:45:00,43.357266311000004,43.3864893618,43.2014100403,43.211151057200006,100094
2020-01-14 08:00:00,43.347525294099995,43.347525294099995,43.347525294099995,43.347525294099995,116
2020-01-13 17:30:00,43.2695971587,43.2695971587,43.2695971587,43.2695971587,497
2020-01-13 16:15:00,43.2695971587,43.2695971587,43.2695971587,43.2695971587,366075
2020-01-13 16:00:00,43.2208920741,43.303690718,43.211151057200006,43.2793381757,483368
2020-01-13 15:45:00,43.1575754642,43.2208920741,43.1429639388,43.2208920741,125573
2020-01-13 15:30:00,43.1721869895,43.1916690234,43.152704955699996,43.162445972600004,69373
2020-01-13 15:15:00,43.162445972600004,43.2160215657,43.162445972600004,43.177057498,52304
2020-01-13 15:00:00,43.2014100403,43.211151057200006,43.152704955699996,43.177057498,96101
2020-01-13 14:45:00,43.177057498,43.2014100403,43.1429639388,43.2014100403,48724
2020-01-13 14:30:00,43.2062805488,43.2062805488,43.167316481099995,43.1729662709,31882
2020-01-13 14:15:00,43.2208920741,43.240374108000005,43.181928006499994,43.2014100403,91105
2020-01-13 14:00:00,43.2062805488,43.2598561418,43.2014100403,43.2160215657,59701
2020-01-13 13:45:00,43.152704955699996,43.2160215657,43.147834447200005,43.211151057200006,39303
2020-01-13 13:30:00,43.167316481099995,43.211151057200006,43.147834447200005,43.152704955699996,44065
2020-01-13 13:15:00,43.2160215657,43.2208920741,43.162445972600004,43.1721869895,33128
2020-01-13 13:00:00,43.181928006499994,43.2208920741,43.1429639388,43.219625741899996,55011
2020-01-13 12:45:00,43.254985633400004,43.255959735,43.152704955699996,43.181928006499994,66727
2020-01-13 12:30:00,43.2793381757,43.293949701,43.2501151249,43.2501151249,40909
2020-01-13 12:15:00,43.230633091099996,43.2890791926,43.2208920741,43.2793381757,42884
2020-01-13 12:00:00,43.2647266503,43.293949701,43.211151057200006,43.225762582600005,42828
2020-01-13 11:45:00,43.2261522233,43.3280432603,43.211151057200006,43.2695971587,60157
2020-01-13 11:30:00,43.11861139649999,43.2452446164,43.11861139649999,43.240374108000005,84187
2020-01-13 11:15:00,43.0942588542,43.152704955699996,43.0892909355,43.113740888,32807
2020-01-13 11:00:00,43.0163307188,43.0991293626,43.0065897019,43.0991293626,41345
2020-01-13 10:45:00,42.9919781765,43.035812752700004,42.9676256342,43.0260717357,43809
2020-01-13 10:30:00,42.8848269904,42.996848685,42.8799564819,42.996848685,58189
2020-01-13 10:15:00,42.9189205496,42.9481436004,42.8409924143,42.8896974989,58598
2020-01-13 10:00:00,42.9627551258,42.9871076681,42.8507334312,42.9091795327,70978
2020-01-13 09:45:00,42.8994385158,43.0065897019,42.870215465,42.957884617299996,198545
2020-01-13 07:15:00,42.763064278899996,42.763064278899996,42.763064278899996,42.763064278899996,209
