time,open,high,low,close,volume
2019-01-18 20:00:00,150.17,150.25,150.17,150.25,4525
2019-01-18 19:45:00,150.2,150.2,150.17,150.17,680
2019-01-18 19:30:00,150.18,150.2,150.17,150.2,420
2019-01-18 19:15:00,150.2,150.2,150.17,150.17,5274
2019-01-18 19:00:00,150.17,150.24,150.17,150.23,45037
2019-01-18 18:45:00,150.22,150.22,150.17,150.17,8933
2019-01-18 18:30:00,150.25,150.3,150.22,150.3,310755
2019-01-18 18:15:00,150.22,150.3,150.22,150.25,4202
2019-01-18 18:00:00,150.17,150.31,150.17,150.2201,4523
2019-01-18 17:45:00,150.1,150.18,150.08,150.18,10689
2019-01-18 17:30:00,150.01,150.35,150.01,150.1,35810
2019-01-18 17:15:00,150.02,150.04,150.0,150.0,3921
2019-01-18 17:00:00,149.97,150.02,149.97,150.0,9784
2019-01-18 16:45:00,150.0,150.01,149.94,149.97,15952
2019-01-18 16:30:00,150.0,151.990801,149.98,150.0,145748
2019-01-18 16:15:00,150.04,150.0799,149.95,150.0,1372745
2019-01-18 16:00:00,149.76,150.09,149.55,150.01,1834718
2019-01-18 15:45:00,149.3,149.7993,149.2663,149.7512,620438
2019-01-18 15:30:00,149.56,151.915,149.275,149.2957,653135
2019-01-18 15:15:00,149.55,149.62,149.08,149.549,818862
2019-01-18 15:00:00,149.27,150.03,149.19,149.54,1320722
2019-01-18 14:45:00,149.3,149.5,148.55,149.2918,2365324
2019-01-18 14:30:00,150.63,150.81,149.18,149.3,2072952
2019-01-18 14:15:00,150.46,150.64,150.33,150.64,325279
2019-01-18 14:00:00,150.545,150.75,150.4044,150.46,410437
2019-01-18 13:45:00,150.65,150.959,150.47,150.5478,553173
2019-01-18 13:30:00,151.0912,151.24,150.53,150.65,527429
2019-01-18 13:15:00,151.26,151.42,151.0,151.09,438615
2019-01-18 13:00:00,151.4,151.4,150.99,151.23,808931
2019-01-18 12:45:00,151.74,151.96,151.35,151.4098,438217
2019-01-18 12:30:00,152.05,152.12,151.6,151.732,528704
2019-01-18 12:15:00,152.05,152.23,151.89,152.03,585904
2019-01-18 12:00:00,151.84,152.09,151.66,152.04,412979
2019-01-18 11:45:00,151.865,152.2,151.64,151.825,589112
2019-01-18 11:30:00,151.745,151.98,151.65,151.86,575288
2019-01-18 11:15:00,151.78,152.43,151.68,151.745,1489822
2019-01-18 11:00:00,151.2,151.79,151.08,151.78,1532392
2019-01-18 10:45:00,150.3,151.2,150.26,151.18,1494417
2019-01-18 10:30:00,149.65,150.39,149.41,150.3,1382144
2019-01-18 10:15:00,149.43,149.81,149.368,149.62,834438
2019-01-18 10:00:00,149.285,149.56,148.9,149.49,990212
2019-01-18 09:45:00,149.75,150.0,148.82,149.26,3383580
2019-01-18 09:30:00,149.2,149.83,149.17,149.74,100284
2019-01-18 09:15:00,149.19,149.3,149.1201,149.3,10313
2019-01-18 09:00:00,149.18,149.25,149.05,149.19,5442
2019-01-18 08:45:00,149.09,149.2041,149.09,149.12,2958
2019-01-18 08:30:00,149.03,149.1,149.03,149.0885,1140
2019-01-18 08:15:00,149.1,149.25,149.0,149.0,6971
2019-01-18 08:00:00,149.03,149.1,149.02,149.09,1471
2019-01-18 07:45:00,149.08,149.08,149.02,149.02,523
2019-01-18 07:30:00,149.16,149.16,149.05,149.05,760
2019-01-18 07:15:00,148.95,149.25,148.95,149.18,3946
2019-01-18 07:00:00,148.73,148.81,148.73,148.81,508
2019-01-18 06:15:00,148.57,148.58,148.57,148.58,974
2019-01-18 05:45:00,148.5,148.5,148.5,148.5,100
2019-01-18 05:30:00,148.41,148.8,148.41,148.73,775
2019-01-18 05:15:00,148.8,148.8,148.8,148.8,300
2019-01-17 20:00:00,148.35,148.35,148.25,148.26,2206
2019-01-17 19:45:00,148.2,148.45,148.2,148.4,5954
2019-01-17 19:30:00,148.15,148.2,148.1,148.2,1080
2019-01-17 19:15:00,147.81,148.0,147.81,148.0,1705
2019-01-17 19:00:00,147.81,147.81,147.81,147.81,580
2019-01-17 18:45:00,147.85,148.0,147.8,147.8,1937
2019-01-17 18:30:00,148.05,148.15,147.83,147.83,4689
2019-01-17 18:15:00,148.18,148.18,148.0,148.15,3107
2019-01-17 18:00:00,148.19,148.31,148.15,148.28,27272
2019-01-17 17:45:00,148.1,148.19,148.1,148.19,2092
2019-01-17 17:30:00,148.2,148.2944,148.1,148.1,2926
2019-01-17 17:15:00,148.15,148.247,148.15,148.247,683
2019-01-17 17:00:00,148.3,148.3,148.16,148.16,2607
2019-01-17 16:45:00,147.92,148.6,147.85,148.3,17242
2019-01-17 16:30:00,147.92,148.3,147.53,147.91,7537
2019-01-17 16:15:00,148.3,148.5,147.3,147.8,153797
2019-01-17 16:00:00,147.945,148.33,147.77,148.3,1301217
2019-01-17 15:45:00,147.95,148.16,147.84,147.94,429025
2019-01-17 15:30:00,147.46,148.015,147.38,147.96,454924
2019-01-17 15:15:00,147.31,147.72,147.15,147.485,585601
2019-01-17 15:00:00,147.9905,148.54,147.0,147.3099,1147562
2019-01-17 14:45:00,147.14,148.1,147.0,148.0,981732
2019-01-17 14:30:00,147.4544,147.53,147.07299999999998,147.15,299395
2019-01-17 14:15:00,147.43,147.68,147.39,147.45,311093
2019-01-17 14:00:00,147.46,147.61,147.22299999999998,147.42,444590
2019-01-17 13:45:00,147.91,147.99,147.4,147.4697,520899
2019-01-17 13:30:00,147.99,148.11,147.88,147.91,449499
2019-01-17 13:15:00,148.165,148.27,147.91,147.96,378111
2019-01-17 13:00:00,148.295,148.471,148.15,148.165,212833
2019-01-17 12:45:00,148.26,148.41,148.17,148.29,711822
2019-01-17 12:30:00,148.305,148.39,147.9303,148.24,353245
2019-01-17 12:15:00,148.48,148.68,148.16,148.299,218091
2019-01-17 12:00:00,148.73,148.81,148.27,148.48,251249
2019-01-17 11:45:00,148.79,148.97,148.7,148.7,303749
2019-01-17 11:30:00,148.56,148.9,148.53,148.8,401648
2019-01-17 11:15:00,148.67,149.0,148.54,148.5643,638020
2019-01-17 11:00:00,148.0379,148.68,147.86,148.67,401273
2019-01-17 10:45:00,148.27,148.59,147.87,148.035,423349
2019-01-17 10:30:00,148.54,148.89,148.11,148.2899,748279
2019-01-17 10:15:00,147.9272,148.54,147.5,148.54,622800
2019-01-17 10:00:00,147.89,148.129,147.36,147.9,550161
2019-01-17 09:45:00,146.95,148.22,146.5,147.855,1257800
2019-01-17 09:30:00,147.18,147.54,146.89,146.94,10654
2019-01-17 09:15:00,147.16,147.2,147.1,147.1,1317
2019-01-17 09:00:00,147.08,147.19,147.05,147.05,1501
2019-01-17 08:45:00,147.08,147.54,147.08,147.38,9203
2019-01-17 08:30:00,147.08,147.08,147.0,147.05,3053
2019-01-17 08:15:00,147.54,147.54,146.1,147.0,14123
2019-01-17 08:00:00,146.85,146.85,146.83,146.85,2059
2019-01-17 07:45:00,146.75,146.75,146.75,146.75,456
2019-01-17 07:30:00,146.9,146.95,146.7,146.7,885
2019-01-17 07:15:00,147.0,147.0,146.93,146.93,300
2019-01-17 06:45:00,146.6,146.6,146.6,146.6,300
2019-01-17 06:15:00,146.6,146.6,146.6,146.6,200
2019-01-17 05:30:00,146.3,146.3,146.3,146.3,200
2019-01-17 05:15:00,146.3,146.3,146.3,146.3,600
2019-01-17 04:45:00,146.5,146.5,146.27,146.27,701
2019-01-16 20:00:00,147.18,147.18,147.07,147.07,2266
2019-01-16 19:45:00,147.1,147.3,147.1,147.3,950
2019-01-16 19:30:00,146.93,147.06,146.92,147.06,2710
2019-01-16 19:15:00,147.21,147.23,146.94,146.94,4543
2019-01-16 19:00:00,147.45,147.45,147.23,147.23,2885
2019-01-16 18:45:00,147.38,147.38,147.38,147.38,179
2019-01-16 18:30:00,147.4,147.4,147.32,147.32,291
2019-01-16 18:15:00,147.35,147.35,147.35,147.35,934
2019-01-16 18:00:00,147.37,147.44,147.35,147.44,1281
2019-01-16 17:45:00,147.44,147.44,147.4399,147.4399,540
2019-01-16 17:30:00,147.35,147.45,147.35,147.45,2212
2019-01-16 17:15:00,147.35,147.4,147.35,147.4,383
2019-01-16 17:00:00,147.4,147.54,147.23,147.4999,9541
2019-01-16 16:45:00,147.43,147.54,147.43,147.54,4339
2019-01-16 16:30:00,147.33,147.43,147.26,147.43,3050
2019-01-16 16:15:00,147.4,147.58,147.3,147.32,678852
2019-01-16 16:00:00,147.79,147.9,147.4,147.46,1112337
2019-01-16 15:45:00,148.0,148.0607,147.6,147.79,677723
2019-01-16 15:30:00,148.035,148.06,147.77,148.0,515766
2019-01-16 15:15:00,147.85,148.16,147.725,148.0429,572428
2019-01-16 15:00:00,147.92,148.0,147.69,147.84,281407
2019-01-16 14:45:00,147.78,147.98,147.67,147.92,379601
2019-01-16 14:30:00,147.8499,148.1,147.71,147.79,370579
2019-01-16 14:15:00,147.73,147.97,147.7,147.8321,292488
2019-01-16 14:00:00,147.61,147.76,147.54,147.725,217301
2019-01-16 13:45:00,147.7629,147.855,147.53,147.58,309712
2019-01-16 13:30:00,148.0718,148.0718,147.7,147.76,368284
2019-01-16 13:15:00,147.81,148.2,147.716,148.07,374887
2019-01-16 13:00:00,147.72,147.95,147.61,147.8181,412185
2019-01-16 12:45:00,147.48,147.77,147.19,147.7,388832
2019-01-16 12:30:00,147.4,147.56,147.05,147.47,345777
2019-01-16 12:15:00,147.055,147.6,147.0,147.4289,536702
2019-01-16 12:00:00,147.26,147.42,146.9975,147.055,1042402
2019-01-16 11:45:00,147.32,147.62,147.11,147.2483,524494
2019-01-16 11:30:00,147.7199,147.94,147.11,147.33,616051
2019-01-16 11:15:00,147.38,147.73,147.0,147.705,794089
2019-01-16 11:00:00,147.485,147.98,147.33,147.37,580491
2019-01-16 10:45:00,147.8,148.14,147.28,147.47,906007
2019-01-16 10:30:00,148.45,148.64,147.6048,147.815,1019870
2019-01-16 10:15:00,148.64,148.8099,148.17,148.45,829099
2019-01-16 10:00:00,148.56,149.41,148.5,148.64,865023
2019-01-16 09:45:00,149.0,149.6499,148.13,148.59,1614538
2019-01-16 09:30:00,148.89,149.2,148.64,149.07,31262
2019-01-16 09:15:00,148.73,149.0,148.73,148.85,19427
2019-01-16 09:00:00,148.5,148.95,148.5,148.7,34268
2019-01-16 08:45:00,148.45,148.5001,148.3,148.5,9624
2019-01-16 08:30:00,148.53,148.8,148.45,148.5,33248
2019-01-16 08:15:00,148.41,148.67,148.2101,148.52,23979
2019-01-16 08:00:00,148.5,148.5,148.23,148.45,16011
2019-01-16 07:45:00,148.23,148.65,148.19,148.55,22380
2019-01-16 07:30:00,148.3,148.4,148.24,148.24,8472
2019-01-16 07:15:00,148.5,148.54,148.25,148.25,11864
2019-01-16 07:00:00,148.5,148.5,148.48,148.5,4928
2019-01-16 06:30:00,148.55,148.75,148.49,148.49,7571
2019-01-16 06:00:00,149.0,149.0,148.95,148.95,364
2019-01-16 05:45:00,149.2,149.2,149.0,149.0,2073
2019-01-16 05:15:00,148.99,149.0,148.99,149.0,2215
2019-01-16 05:00:00,148.95,148.95,148.95,148.95,313
2019-01-16 04:45:00,149.2,149.2,148.8,148.8,206
2019-01-16 04:30:00,149.4,149.4,149.4,149.4,100
2019-01-16 04:15:00,149.5,149.83,149.5,149.83,1260
2019-01-15 20:00:00,149.01,149.25,148.96,149.01,6263
2019-01-15 19:45:00,149.12,149.12,149.1,149.1,4575
2019-01-15 19:30:00,149.08,149.49,149.0,149.28,2441
2019-01-15 19:15:00,149.2,149.3,149.1,149.1,3058
2019-01-15 19:00:00,149.12,149.25,149.12,149.25,850
2019-01-15 18:45:00,149.15,149.34,149.15,149.34,2110
2019-01-15 18:30:00,149.13,149.15,149.05,149.15,992
2019-01-15 18:15:00,149.45,149.45,149.05,149.15,5538
2019-01-15 18:00:00,149.23,149.33,149.23,149.3,2077
2019-01-15 17:45:00,149.1,149.25,149.1,149.24,2149
2019-01-15 17:30:00,149.08,149.29,149.01,149.25,9355
2019-01-15 17:15:00,148.94,149.1,148.94,149.1,274
2019-01-15 17:00:00,149.05,149.1153,148.92,149.0,3395
2019-01-15 16:45:00,149.05,149.05,148.91,149.05,1405
2019-01-15 16:30:00,149.1,149.2,148.91,148.95,25794
2019-01-15 16:15:00,148.95,149.1,148.88,149.0,417085
2019-01-15 16:00:00,148.72,149.1,148.72,148.93,1222093
2019-01-15 15:45:00,148.31,148.75,148.22,148.7125,720108
2019-01-15 15:30:00,148.47,148.6,148.13,148.3,482965
2019-01-15 15:15:00,148.32,148.76,148.2,148.485,507900
2019-01-15 15:00:00,148.1923,148.38,147.91,148.3324,561427
2019-01-15 14:45:00,148.0,148.23,147.78,148.1801,601929
2019-01-15 14:30:00,148.91,148.93,147.85,148.0136,883374
2019-01-15 14:15:00,149.39,149.54,148.9,148.9,526737
2019-01-15 14:00:00,149.85,149.91,149.4,149.4,322252
2019-01-15 13:45:00,149.95,150.02,149.62,149.84,369443
2019-01-15 13:30:00,149.514,150.1977,149.45,149.9514,359744
2019-01-15 13:15:00,149.35,149.5933,149.22,149.51,425752
2019-01-15 13:00:00,149.7,149.7862,149.21,149.35,433858
2019-01-15 12:45:00,149.97,150.09,149.41,149.7099,510565
2019-01-15 12:30:00,150.05,150.38,149.96,149.96,674013
2019-01-15 12:15:00,150.11,150.22,149.6631,150.05,718052
2019-01-15 12:00:00,149.64,150.15,149.56,150.1,1014565
2019-01-15 11:45:00,149.0,149.77,148.62,149.64,873034
2019-01-15 11:30:00,148.92,149.19,148.66,148.9725,694675
2019-01-15 11:15:00,149.4705,149.63,148.72,148.92,609766
2019-01-15 11:00:00,148.9481,149.64,148.8,149.48,678113
2019-01-15 10:45:00,149.21,149.49,148.55,148.96,876253
2019-01-15 10:30:00,149.425,149.88,149.02,149.18,1129582
2019-01-15 10:15:00,149.78,150.68,149.38,149.4208,2179097
2019-01-15 10:00:00,148.74,149.9,148.41,149.78,1406779
2019-01-15 09:45:00,146.01,149.94,145.99,148.71,3091828
2019-01-15 09:30:00,145.45,146.58,145.3,146.58,56699
2019-01-15 09:15:00,145.6,145.6,145.3,145.41,100959
2019-01-15 09:00:00,145.44,145.6,145.41,145.52,3987
2019-01-15 08:45:00,145.6,145.7,145.41,145.41,10486
2019-01-15 08:30:00,145.9,145.991,145.6,145.6,5618
2019-01-15 08:15:00,146.2,146.2,145.5,145.93,10562
2019-01-15 08:00:00,145.86,145.9,145.75,145.9,1708
2019-01-15 07:45:00,145.9,145.9,145.62,145.71,4183
2019-01-15 07:30:00,145.73,146.08,145.7,146.08,4970
2019-01-15 07:15:00,146.0,146.1,145.7,145.73,11387
2019-01-15 07:00:00,146.47,146.47,146.0,146.0,7444
2019-01-15 06:45:00,146.44,146.44,146.44,146.44,400
2019-01-15 06:30:00,146.28,146.48,146.28,146.47,1250
2019-01-15 06:15:00,146.0,146.0,146.0,146.0,348
2019-01-15 06:00:00,146.37,146.37,145.54,146.0,1855
2019-01-15 05:45:00,145.52,146.49,145.52,146.49,1730
2019-01-15 05:30:00,145.96,145.96,145.96,145.96,300
2019-01-15 05:15:00,145.98,145.98,145.98,145.98,278
2019-01-15 05:00:00,145.78,145.78,145.7,145.7,2304
2019-01-15 04:15:00,146.04,146.04,146.04,146.04,100
2019-01-14 20:00:00,146.03,146.3,146.03,146.09,6316
2019-01-14 19:45:00,145.7,146.38,145.7,146.0399,4791
2019-01-14 19:30:00,145.71,145.71,145.65,145.7,1400
2019-01-14 19:15:00,145.5699,145.69,145.5699,145.69,5736
2019-01-14 18:45:00,145.59,145.59,145.47,145.47,600
2019-01-14 18:30:00,145.42,145.59,145.42,145.59,1990
2019-01-14 18:15:00,145.42,145.48,145.42,145.48,900
2019-01-14 18:00:00,145.58,145.58,145.58,145.58,617502
2019-01-14 17:45:00,145.43,145.43,145.43,145.43,404
2019-01-14 17:30:00,145.42,145.42,145.42,145.42,238
2019-01-14 17:15:00,145.39,145.52,145.39,145.4,15300
2019-01-14 17:00:00,145.55,145.55,145.55,145.55,135
2019-01-14 16:45:00,145.49,145.65,145.15,145.51,18718
2019-01-14 16:30:00,145.5496,145.5496,145.39,145.49,26708
2019-01-14 16:15:00,145.39,145.55,145.38,145.45,826352
2019-01-14 16:00:00,146.2,146.21,145.39,145.39,1353197
2019-01-14 15:45:00,146.07,146.43,146.05,146.2,804833
2019-01-14 15:30:00,146.22,146.46,146.06,146.07,628141
2019-01-14 15:15:00,145.9,146.57,145.88,146.2147,959090
2019-01-14 15:00:00,145.59,145.9255,145.32,145.9,411259
2019-01-14 14:45:00,145.38,145.72,145.375,145.5894,404834
2019-01-14 14:30:00,145.485,145.5,145.14,145.39,445387
2019-01-14 14:15:00,145.3634,145.9,145.21,145.47,789547
2019-01-14 14:00:00,145.46,145.55,145.25,145.37,464209
2019-01-14 13:45:00,145.04,145.5644,145.0274,145.4654,412335
2019-01-14 13:30:00,144.94,145.3,144.9,145.0283,548673
2019-01-14 13:15:00,144.63,145.07,144.3,144.92,739173
2019-01-14 13:00:00,144.1853,144.78,144.15,144.63,528876
2019-01-14 12:45:00,144.07,144.23,143.89,144.1871,237081
2019-01-14 12:30:00,143.87,144.18,143.86,144.06,291028
2019-01-14 12:15:00,143.77,143.96,143.69,143.87,249917
2019-01-14 12:00:00,143.88,144.12,143.62,143.76,341630
2019-01-14 11:45:00,144.1,144.21,143.77,143.8717,440166
2019-01-14 11:30:00,143.77,144.36,143.755,144.09,583220
2019-01-14 11:15:00,144.07,144.29,143.56,143.7786,667034
2019-01-14 11:00:00,143.56,144.28,143.261,144.084,908538
2019-01-14 10:45:00,142.89,143.56,142.86,143.56,591592
2019-01-14 10:30:00,142.76,143.19,142.34,142.887,1133255
2019-01-14 10:15:00,142.43,142.85,142.11,142.78,760642
2019-01-14 10:00:00,142.37,142.68,141.93,142.42,1001654
2019-01-14 09:45:00,142.0,142.84,141.27,142.29,1912519
2019-01-14 09:30:00,142.3515,142.36,142.0,142.0,13891
2019-01-14 09:15:00,142.5,142.6299,142.49,142.49,4370
2019-01-14 09:00:00,142.63,142.65,142.49,142.49,1278
2019-01-14 08:45:00,142.56,142.73,142.56,142.73,1294
2019-01-14 08:30:00,142.15,142.45,142.15,142.45,3892
2019-01-14 08:15:00,142.2,142.4899,142.0,142.26,14509
2019-01-14 08:00:00,142.45,142.5,142.3,142.3,8485
2019-01-14 07:45:00,142.39,142.39,142.23,142.35,1310
2019-01-14 07:30:00,142.39,142.39,142.21,142.23,1360
2019-01-14 07:15:00,142.49,142.61,142.0,142.3,7741
2019-01-14 06:45:00,142.0,142.0,142.0,142.0,100
2019-01-14 06:15:00,141.75,141.86,141.75,141.86,3661
2019-01-14 06:00:00,141.95,141.95,141.75,141.75,603
2019-01-14 05:45:00,142.05,142.05,142.05,142.05,500
2019-01-14 05:30:00,142.05,142.05,141.9,142.04,2732
2019-01-14 05:15:00,142.65,142.65,142.5,142.5,823
2019-01-14 05:00:00,142.6,142.6,142.6,142.6,1200
2019-01-14 04:30:00,142.6,142.6,142.51,142.51,200
2019-01-14 04:15:00,142.6,142.6,142.5,142.5,1080
2019-01-11 20:00:00,143.7,143.7,143.7,143.7,300
2019-01-11 19:45:00,143.8,143.8,143.8,143.8,750
2019-01-11 19:30:00,143.53,143.8,143.53,143.8,800
2019-01-11 19:15:00,143.96,143.96,143.96,143.96,250
2019-01-11 19:00:00,143.9599,143.9599,143.75,143.75,300
2019-01-11 18:45:00,143.75,143.9699,143.75,143.9699,1315
2019-01-11 18:30:00,143.75,143.76,143.75,143.76,544
2019-01-11 18:00:00,143.79,143.97,143.79,143.96,578
2019-01-11 17:30:00,143.88,143.88,143.85,143.85,2925
2019-01-11 17:15:00,143.86,143.9,143.85,143.9,1938
2019-01-11 17:00:00,143.85,143.88,143.85,143.88,1503
2019-01-11 16:45:00,143.91,143.96,143.86,143.86,1363
2019-01-11 16:30:00,143.81,143.93,143.79,143.85,9187
2019-01-11 16:15:00,143.8,143.85,143.8,143.85,588488
2019-01-11 16:00:00,143.74,143.94,143.6,143.77,943629
2019-01-11 15:45:00,143.54,143.92,143.52,143.74,465257
2019-01-11 15:30:00,143.63,143.67,143.39,143.54,267667
2019-01-11 15:15:00,143.67,143.8356,143.51,143.61,224967
2019-01-11 15:00:00,143.91,143.92,143.58,143.66,173672
2019-01-11 14:45:00,143.88,144.05,143.75,143.92,161482
2019-01-11 14:30:00,144.03,144.15,143.73,143.8545,158723
2019-01-11 14:15:00,143.75,144.1999,143.57,144.034,564776
2019-01-11 14:00:00,144.16,144.18,143.75,143.7538,406817
2019-01-11 13:45:00,144.29,144.42,144.13,144.145,243674
2019-01-11 13:30:00,144.46,144.72,144.29,144.3,231446
2019-01-11 13:15:00,144.74,144.89,144.34,144.44,231459
2019-01-11 13:00:00,144.82,144.9541,144.62,144.77,309252
2019-01-11 12:45:00,144.6976,145.26,144.644,144.81,488710
2019-01-11 12:30:00,144.4,145.36,144.35,144.7256,947365
2019-01-11 12:15:00,144.0801,144.4296,143.97,144.39,372025
2019-01-11 12:00:00,143.86,144.16,143.84,144.08,439549
2019-01-11 11:45:00,143.004,143.88,142.94,143.87,357064
2019-01-11 11:30:00,143.18,143.26,142.85,143.005,283704
2019-01-11 11:15:00,143.37,143.62,143.15,143.151,417615
2019-01-11 11:00:00,143.56,143.56,142.9,143.37,425780
2019-01-11 10:45:00,142.68,143.68,142.58,143.56,479853
2019-01-11 10:30:00,143.3793,143.543,142.65,142.67,519486
2019-01-11 10:15:00,143.07,143.77,143.07,143.39,530949
2019-01-11 10:00:00,142.92,143.15,142.57,143.05,651250
2019-01-11 09:45:00,143.15,143.85,142.8,142.905,813910
2019-01-11 09:30:00,143.2,143.25,143.0,143.25,24556
2019-01-11 09:15:00,143.38,143.53,143.19,143.2,14523
2019-01-11 09:00:00,143.22,143.3,143.15,143.3,5454
2019-01-11 08:45:00,143.33,143.48,143.1,143.19,4283
2019-01-11 08:30:00,143.4,143.45,143.3,143.32,851
2019-01-11 08:15:00,143.75,143.75,143.25,143.25,4410
2019-01-11 08:00:00,143.69,143.69,143.45,143.45,979
2019-01-11 07:45:00,143.5,143.5,143.41,143.41,1742
2019-01-11 07:30:00,143.8,143.8,143.75,143.75,604
2019-01-11 07:15:00,143.66,143.78,143.5,143.74,1235
2019-01-11 06:45:00,144.39,144.39,144.39,144.39,120
2019-01-11 06:30:00,143.5,143.5,143.34,143.34,1100
2019-01-11 06:00:00,143.76,143.76,143.76,143.76,100
2019-01-11 05:45:00,143.6,143.68,143.6,143.68,277
2019-01-11 05:00:00,143.81,143.81,143.81,143.81,100
2019-01-10 20:00:00,144.18,144.2,144.18,144.18,1200
2019-01-10 19:45:00,144.18,144.18,144.18,144.18,200
2019-01-10 19:30:00,144.05,144.15,143.85,144.15,1878
2019-01-10 19:15:00,144.05,144.05,143.95,143.95,375
2019-01-10 19:00:00,144.0,144.15,144.0,144.15,400
2019-01-10 18:45:00,143.87,144.05,143.87,143.95,829
2019-01-10 18:30:00,143.93,143.93,143.85,143.85,499
2019-01-10 18:15:00,144.11,144.2,143.93,144.0,2117
2019-01-10 18:00:00,144.2,144.2,144.15,144.15,12685
2019-01-10 17:45:00,144.18,144.18,144.18,144.18,300
2019-01-10 17:30:00,144.02,144.18,144.02,144.18,1706
2019-01-10 17:15:00,144.15,144.15,144.15,144.15,430
2019-01-10 17:00:00,144.2776,144.2776,144.2776,144.2776,115
2019-01-10 16:45:00,144.2,144.3,144.07,144.15,71738
2019-01-10 16:30:00,144.2799,144.29,144.15,144.2,7129
2019-01-10 16:15:00,144.2,144.4,144.11,144.11,448896
2019-01-10 16:00:00,144.31,144.44,144.07,144.24,913187
2019-01-10 15:45:00,144.3884,144.56,144.19,144.28,555933
2019-01-10 15:30:00,144.195,144.51,144.05,144.39,446507
2019-01-10 15:15:00,144.025,144.23,143.92,144.17,281745
2019-01-10 15:00:00,144.25,144.26,143.78,144.0358,208451
2019-01-10 14:45:00,143.96,144.28,143.72,144.23,316917
2019-01-10 14:30:00,143.93,144.41,143.91,143.945,418619
2019-01-10 14:15:00,143.49,144.1,143.49,143.9,328868
2019-01-10 14:00:00,142.78,143.55,142.76,143.4992,290523
2019-01-10 13:45:00,143.3156,143.499,142.56,142.76,383644
2019-01-10 13:30:00,143.37,143.42,143.04,143.3213,509666
2019-01-10 13:15:00,144.36,144.3899,143.36,143.36,389853
2019-01-10 13:00:00,143.87,144.5,143.87,144.3532,706265
2019-01-10 12:45:00,143.69,144.19,143.69,143.88,418311
2019-01-10 12:30:00,143.0424,143.72,143.0368,143.705,270641
2019-01-10 12:15:00,143.0,143.23,142.93,143.07,260822
2019-01-10 12:00:00,142.9613,143.05,142.52,143.016,342293
2019-01-10 11:45:00,142.97,143.49,142.85,142.98,533579
2019-01-10 11:30:00,142.86,143.26,142.69,142.9579,507936
2019-01-10 11:15:00,142.9,143.1,142.8,142.87,371277
2019-01-10 11:00:00,142.65,142.99,142.59,142.88,399437
2019-01-10 10:45:00,143.0805,143.12,142.47,142.65,553860
2019-01-10 10:30:00,141.2997,143.19,141.1577,143.09,833958
2019-01-10 10:15:00,141.4399,141.94,140.84,141.2955,1352795
2019-01-10 10:00:00,141.945,142.07,141.35,141.42,842825
2019-01-10 09:45:00,143.08,143.26,141.66,141.9624,1623787
2019-01-10 09:30:00,143.2488,143.4,143.0,143.23,13325
2019-01-10 09:15:00,143.2,143.37,143.1252,143.21,3065
2019-01-10 09:00:00,143.05,143.16,143.0,143.16,2238
2019-01-10 08:45:00,143.33,143.35,143.0701,143.09,1440
2019-01-10 08:30:00,143.18,143.4,143.05,143.05,1137
2019-01-10 08:15:00,143.0,143.3999,143.0,143.31,2613
2019-01-10 08:00:00,143.05,143.25,143.03,143.2,2200
2019-01-10 07:45:00,143.1,143.1,142.98,142.98,2740
2019-01-10 07:30:00,143.04,143.1,143.04,143.1,613
2019-01-10 07:15:00,143.2,143.25,143.01,143.01,1658
2019-01-10 07:00:00,143.4,143.4,143.4,143.4,600
2019-01-10 06:45:00,143.4,143.4,143.4,143.4,220
2019-01-10 05:45:00,143.34,143.4,143.34,143.4,1472
2019-01-10 05:15:00,142.88,142.88,142.88,142.88,175
2019-01-10 04:45:00,142.98,142.98,142.98,142.98,374
2019-01-10 04:15:00,143.3,143.3,142.9,142.9,3301
2019-01-09 20:00:00,143.6,143.8,143.6,143.6,7885
2019-01-09 19:45:00,143.6,143.8,143.4,143.74,2984
2019-01-09 19:15:00,143.87,143.87,143.7,143.7,1422
2019-01-09 19:00:00,143.85,143.93,143.76,143.76,470
2019-01-09 18:45:00,143.85,143.89,143.76,143.89,1800
2019-01-09 18:30:00,143.76,143.76,143.51,143.51,1662
2019-01-09 18:15:00,143.82,143.82,143.82,143.82,100
2019-01-09 18:00:00,143.8,143.8,143.8,143.8,150
2019-01-09 17:45:00,143.8458,143.8458,143.8458,143.8458,175
2019-01-09 17:30:00,143.8,143.95,143.8,143.95,1093
2019-01-09 17:15:00,143.92,143.92,143.8,143.8,1839
2019-01-09 17:00:00,143.89,144.23,143.88,143.9,57742
2019-01-09 16:45:00,144.05,144.05,143.89,143.89,2389
2019-01-09 16:30:00,144.17,144.23,144.0,144.0,5346
2019-01-09 16:15:00,144.23,144.23,143.9999,144.19,1717404
2019-01-09 16:00:00,144.01,144.38,143.73,144.23,1637753
2019-01-09 15:45:00,143.94,144.1497,143.67,144.02,712527
2019-01-09 15:30:00,144.16,144.21,143.84,143.94,496609
2019-01-09 15:15:00,144.07,144.45,143.97,144.15,405522
2019-01-09 15:00:00,143.6899,144.3,143.67,144.0797,605861
2019-01-09 14:45:00,142.97,143.725,142.72,143.6899,498659
2019-01-09 14:30:00,143.8,143.86,142.84,142.95,601947
2019-01-09 14:15:00,143.77,144.2,143.61,143.8,605536
2019-01-09 14:00:00,144.35,144.35399999999998,143.63,143.79,371438
2019-01-09 13:45:00,144.33,144.52,144.12,144.3617,441855
2019-01-09 13:30:00,144.2309,144.5,144.13,144.34,484082
2019-01-09 13:15:00,144.55,144.67,144.18,144.22,407482
2019-01-09 13:00:00,144.21,144.63,144.01,144.537,509445
2019-01-09 12:45:00,144.469,144.7,144.1,144.2,760448
2019-01-09 12:30:00,144.12,144.5,144.12,144.46,795131
2019-01-09 12:15:00,143.61,144.12,143.39,144.1173,621536
2019-01-09 12:00:00,143.05,143.805,142.9357,143.62,616301
2019-01-09 11:45:00,143.32,143.34,142.8,143.0457,384809
2019-01-09 11:30:00,142.77,143.4,142.65,143.32,600758
2019-01-09 11:15:00,142.38,142.94,142.23,142.76,671777
2019-01-09 11:00:00,142.105,142.79,141.76,142.4196,727201
2019-01-09 10:45:00,143.25,143.27,142.08,142.09,749254
2019-01-09 10:30:00,143.48,143.86,143.17,143.25,902837
2019-01-09 10:15:00,143.15,143.5,142.6,143.4605,957567
2019-01-09 10:00:00,141.7532,143.69,141.48,143.17,1489247
2019-01-09 09:45:00,142.95,143.0,141.27,141.83,1686619
2019-01-09 09:30:00,143.1499,143.1499,142.9,143.077,20299
2019-01-09 09:15:00,143.38,143.38,143.02,143.15,13356
2019-01-09 09:00:00,143.4,143.58,143.32,143.39,12288
2019-01-09 08:45:00,143.4999,143.5,143.25,143.35,17601
2019-01-09 08:30:00,143.32,143.55,142.53,143.49,28511
2019-01-09 08:15:00,143.5672,143.57,142.75,143.37,41133
2019-01-09 08:00:00,143.2,143.2,143.01,143.07,4779
2019-01-09 07:45:00,143.0,143.2,142.93,143.2,10088
2019-01-09 07:30:00,142.9,143.0,142.9,142.97,7279
2019-01-09 07:15:00,143.2,143.45,142.85,142.85,7398
2019-01-09 07:00:00,143.05,143.33,143.05,143.33,514
2019-01-09 06:45:00,143.22,143.49,142.97,143.28,4036
2019-01-09 06:30:00,143.3,143.31,143.3,143.3,2384
2019-01-09 06:15:00,143.57,143.89,143.57,143.59,4005
2019-01-09 06:00:00,143.59,143.6,143.59,143.6,583
2019-01-09 05:45:00,143.02,143.59,143.02,143.48,1825
2019-01-09 05:30:00,143.15,143.15,143.1,143.1,1506
2019-01-09 05:15:00,143.2,143.21,143.0,143.0,5918
2019-01-08 20:00:00,143.2,143.25,143.15,143.2,3218
2019-01-08 19:45:00,143.15,143.23,143.0,143.2,3631
2019-01-08 19:30:00,143.2,143.3,143.1,143.2,5545
2019-01-08 19:15:00,143.23,143.25,143.12,143.15,4506
2019-01-08 19:00:00,143.1,143.25,143.05,143.22,5693
2019-01-08 18:45:00,142.91,143.18,142.91,143.18,3825
2019-01-08 18:30:00,142.9,143.05,142.84,142.95,33014
2019-01-08 18:15:00,142.42,142.9,142.42,142.8,7438
2019-01-08 18:00:00,142.49,142.53,142.42,142.42,1446
2019-01-08 17:45:00,142.49,142.49,142.43,142.46,1663
2019-01-08 17:30:00,142.4899,142.52,142.42,142.42,2382
2019-01-08 17:15:00,142.53,142.53,142.45,142.45,15162
2019-01-08 17:00:00,142.55,142.59,142.5,142.5399,3276
2019-01-08 16:45:00,142.53,142.77,142.4,142.55,41323
2019-01-08 16:30:00,142.43,142.53,142.35,142.53,10074
2019-01-08 16:15:00,142.53,142.53,142.26,142.26,1095972
2019-01-08 16:00:00,142.24,142.64,142.04,142.5642,1544624
2019-01-08 15:45:00,142.29,142.71,142.02,142.2699,949697
2019-01-08 15:30:00,141.78,142.28,141.74,142.28,629076
2019-01-08 15:15:00,141.71,142.0,141.64,141.79,506469
2019-01-08 15:00:00,142.205,142.33,141.69,141.6948,388420
2019-01-08 14:45:00,142.39,142.6,142.09,142.21,406261
2019-01-08 14:30:00,142.33,142.48,142.21,142.4,413202
2019-01-08 14:15:00,142.0301,142.33,141.83,142.33,536606
2019-01-08 14:00:00,141.85,142.33,141.71,142.0431,933293
2019-01-08 13:45:00,142.29,142.37,141.83,141.83,443332
2019-01-08 13:30:00,142.31,142.5,142.21,142.29,441036
2019-01-08 13:15:00,142.21,142.45,141.91,142.3117,546748
2019-01-08 13:00:00,142.41,142.6,141.93,142.21,580906
2019-01-08 12:45:00,142.46,142.64,142.151,142.43,691562
2019-01-08 12:30:00,142.3639,142.65,142.16,142.46,536823
2019-01-08 12:15:00,142.79,143.14,142.06,142.39,952335
2019-01-08 12:00:00,142.05,142.872,141.9301,142.8,1193452
2019-01-08 11:45:00,141.597,142.08,141.3,142.05,884931
2019-01-08 11:30:00,140.755,141.72,140.5,141.6,936646
2019-01-08 11:15:00,139.95,140.78,139.87,140.77,770988
2019-01-08 11:00:00,140.2,140.5,139.54,139.9185,853216
2019-01-08 10:45:00,140.96,141.1521,140.21,140.22899999999998,667026
2019-01-08 10:30:00,140.4674,141.03,140.0,140.92,1118549
2019-01-08 10:15:00,141.106,141.31,140.25,140.485,1042136
2019-01-08 10:00:00,142.16,142.82,140.64700000000002,141.1399,1634368
2019-01-08 09:45:00,139.89,142.77,139.82,142.1794,3007609
2019-01-08 09:30:00,140.2,140.25,139.9,140.0,23593
2019-01-08 09:15:00,139.59,140.23,139.57,140.22,81182
2019-01-08 09:00:00,139.52,139.65,139.49,139.52,20517
2019-01-08 08:45:00,139.3,139.59,139.25,139.56,19466
2019-01-08 08:30:00,139.26,139.3899,139.25,139.3,15484
2019-01-08 08:15:00,139.25,139.4784,139.01,139.31,25115
2019-01-08 08:00:00,139.25,139.36,139.05,139.3,23500
2019-01-08 07:45:00,139.3,139.51,139.15,139.28,26411
2019-01-08 07:30:00,139.26,139.3,139.24,139.3,21045
2019-01-08 07:15:00,139.1,139.3,139.07,139.3,14746
2019-01-08 07:00:00,138.94,139.2,138.94,139.2,2573
2019-01-08 06:30:00,138.65,138.65,138.65,138.65,112
2019-01-08 06:00:00,138.65,138.65,138.65,138.65,460
2019-01-08 05:30:00,138.7,138.7,138.51,138.51,350
2019-01-08 05:15:00,138.5,138.5,138.5,138.5,1000
2019-01-08 05:00:00,139.0,139.0,138.91,138.91,300
2019-01-08 04:45:00,138.89,139.0,138.89,139.0,1635
2019-01-07 20:00:00,138.0,138.05,137.9,138.05,1655
2019-01-07 19:45:00,137.93,138.1,137.93,138.0,10757
2019-01-07 19:30:00,137.9,137.93,137.9,137.93,1944
2019-01-07 19:15:00,137.8,137.84,137.8,137.84,310
2019-01-07 19:00:00,137.85,137.9,137.85,137.9,1630
2019-01-07 18:45:00,137.85,137.85,137.85,137.85,200
2019-01-07 18:15:00,137.85,137.87,137.8,137.8,3558
2019-01-07 18:00:00,137.87,137.87,137.7101,137.87,2212
2019-01-07 17:45:00,137.8,137.8,137.8,137.8,215
2019-01-07 17:30:00,137.79,138.05,137.79,138.05,12589
2019-01-07 17:15:00,137.78,137.85,137.75,137.84,2072
2019-01-07 17:00:00,137.85,137.95,137.85,137.85,4054
2019-01-07 16:45:00,137.81,138.05,137.8,137.85,12540
2019-01-07 16:30:00,137.91,137.91,137.85,137.89,7536
2019-01-07 16:15:00,138.05,138.05,137.77,137.91,1203002
2019-01-07 16:00:00,137.975,138.47,137.67,138.0059,1581163
2019-01-07 15:45:00,138.31,138.37,137.8,137.9601,555237
2019-01-07 15:30:00,138.46,138.87,138.3,138.3,579415
2019-01-07 15:15:00,138.06,138.52,138.04,138.46,316359
2019-01-07 15:00:00,138.06,138.33,137.9452,138.07,253249
2019-01-07 14:45:00,138.1272,138.26,137.92,138.0712,305656
2019-01-07 14:30:00,138.45,138.49,138.08,138.1302,371497
2019-01-07 14:15:00,138.1951,138.77,138.18,138.44,602330
2019-01-07 14:00:00,138.2916,138.34,137.965,138.18,400219
2019-01-07 13:45:00,138.14,138.45,137.99,138.28,361390
2019-01-07 13:30:00,138.2135,138.48,138.02,138.15,298549
2019-01-07 13:15:00,138.257,138.42,138.09,138.22,494674
2019-01-07 13:00:00,138.12,138.27,137.8502,138.26,255416
2019-01-07 12:45:00,138.1224,138.29,137.9,138.12,336471
2019-01-07 12:30:00,137.85,138.255,137.6,138.11,383982
2019-01-07 12:15:00,138.4306,138.6766,137.81,137.845,555193
2019-01-07 12:00:00,137.7,138.72,137.68,138.45,1106495
2019-01-07 11:45:00,136.0288,137.86,136.01,137.7,1082296
2019-01-07 11:30:00,136.29,136.3963,135.91,136.02,564254
2019-01-07 11:15:00,136.51,136.599,136.07,136.305,857863
2019-01-07 11:00:00,136.35,136.84,136.31,136.5131,587977
2019-01-07 10:45:00,137.0372,137.46,136.3275,136.39,860375
2019-01-07 10:30:00,136.31,137.3,136.25,137.06,710998
2019-01-07 10:15:00,137.0,137.22,136.15,136.32,1145524
2019-01-07 10:00:00,137.5,138.0,136.66,137.03,955970
2019-01-07 09:45:00,137.56,138.0,136.6,137.47,1561823
2019-01-07 09:30:00,137.69,137.76,137.4,137.45,21176
2019-01-07 09:15:00,137.3,137.97,137.29,137.76,14541
2019-01-07 09:00:00,137.65,137.74,137.2,137.33,9090
2019-01-07 08:45:00,137.7,137.81,137.59,137.74,8627
2019-01-07 08:30:00,137.69,138.15,137.65,137.69,10176
2019-01-07 08:15:00,137.5,138.25,137.0,137.69,20698
2019-01-07 08:00:00,137.32,137.8,137.05,137.8,10163
2019-01-07 07:45:00,137.63,137.86,137.4,137.4,4227
2019-01-07 07:30:00,137.54,137.92,137.5,137.5,3708
2019-01-07 07:15:00,137.69,137.69,137.0,137.17,6383
2019-01-07 07:00:00,137.4,137.8,137.4,137.56,617
2019-01-07 06:30:00,137.1,137.1,136.56,136.56,1307
2019-01-07 06:15:00,137.3,137.3,137.07,137.07,1222
2019-01-07 06:00:00,137.2,137.2,137.2,137.2,304
2019-01-07 05:45:00,137.56,137.56,137.2,137.2,2120
2019-01-07 05:30:00,137.76,137.76,137.54,137.54,784
2019-01-07 05:15:00,137.7,137.7,137.7,137.7,100
2019-01-07 05:00:00,137.69,137.69,137.67,137.67,400
2019-01-07 04:30:00,138.0,138.0,137.85,137.85,1099
2019-01-07 04:15:00,138.48,138.5,137.95,138.49,767
2019-01-04 20:00:00,138.39,138.48,138.28,138.48,1503
2019-01-04 19:45:00,138.33,138.39,138.3,138.39,3262
2019-01-04 19:30:00,138.25,138.3,138.25,138.25,1245
2019-01-04 19:15:00,138.15,138.2,138.15,138.2,700
2019-01-04 19:00:00,138.23,138.27,138.23,138.27,798
2019-01-04 18:30:00,138.1,138.25,138.1,138.25,1633
2019-01-04 18:15:00,138.1,138.1,138.05,138.05,1275
2019-01-04 18:00:00,138.09,138.1,138.09,138.1,403
2019-01-04 17:45:00,138.06,138.06,138.01,138.01,358
2019-01-04 17:30:00,138.05,138.05,137.9706,137.9706,1224
2019-01-04 17:15:00,138.0,138.0,137.99,137.99,1611
2019-01-04 17:00:00,137.98,138.1,137.95,138.1,14880
2019-01-04 16:45:00,137.98,137.98,137.91,137.98,3116
2019-01-04 16:30:00,138.02,138.02,137.9,137.98,16013
2019-01-04 16:15:00,137.95,138.16,136.6303,138.02,940329
2019-01-04 16:00:00,137.62,138.0,137.59,137.92,2701910
2019-01-04 15:45:00,137.03,137.67,136.92,137.61,658210
2019-01-04 15:30:00,137.55,137.65,137.0,137.05,480972
2019-01-04 15:15:00,137.155,137.59,137.11,137.52,421037
2019-01-04 15:00:00,137.41,137.47,137.01,137.14,733207
2019-01-04 14:45:00,137.3054,137.6,137.2346,137.41,498828
2019-01-04 14:30:00,137.1,137.48,137.0,137.31,480156
2019-01-04 14:15:00,136.99,137.1502,136.55,137.13,1425320
2019-01-04 14:00:00,137.12,137.37,136.77,137.01,496456
2019-01-04 13:45:00,137.3,137.82,137.12,137.1456,606674
2019-01-04 13:30:00,137.325,137.41,137.12,137.3,746191
2019-01-04 13:15:00,137.46,137.57,136.98,137.33,1021886
2019-01-04 13:00:00,137.05,137.49,136.94,137.4497,854496
2019-01-04 12:45:00,137.09,137.16,136.8862,137.0635,639564
2019-01-04 12:30:00,137.065,137.44,137.0,137.09,1500935
2019-01-04 12:15:00,137.3493,137.51,137.025,137.08,808441
2019-01-04 12:00:00,137.5,137.69,137.17,137.34,560014
2019-01-04 11:45:00,137.33,137.62,136.92,137.49,587738
2019-01-04 11:30:00,136.7532,137.47,136.35,137.34,793489
2019-01-04 11:15:00,136.39,137.035,136.18,136.7274,701087
2019-01-04 11:00:00,135.73,136.58,135.69,136.43,1344216
2019-01-04 10:45:00,135.7697,136.0,135.43,135.73,846475
2019-01-04 10:30:00,134.7,135.96,134.02,135.77,1333767
2019-01-04 10:15:00,134.95,135.28,134.32,134.72,820145
2019-01-04 10:00:00,134.3,135.31,134.26,134.95,1126125
2019-01-04 09:45:00,134.01,135.01,133.75,134.31,2009093
2019-01-04 09:30:00,133.7,134.12,133.62,134.03,24458
2019-01-04 09:15:00,133.55,133.7,133.28,133.7,13159
2019-01-04 09:00:00,133.47,133.76,133.3,133.64,25582
2019-01-04 08:45:00,133.28,133.78,133.0,133.44,28955
2019-01-04 08:30:00,133.77,133.81,133.2,133.67,19075
2019-01-04 08:15:00,134.0982,134.1999,133.6501,133.77,19881
2019-01-04 08:00:00,133.88,134.0,133.66,133.96,11575
2019-01-04 07:45:00,133.94,133.94,133.7,133.74,4813
2019-01-04 07:30:00,133.86,134.05,133.81,133.81,11853
2019-01-04 07:15:00,134.01,134.25,133.83,134.0,10990
2019-01-04 07:00:00,134.2,134.2,134.2,134.2,2473
2019-01-04 06:45:00,134.29,134.45,134.29,134.31,2186
2019-01-04 06:15:00,134.49,134.49,134.16,134.19,796
2019-01-04 06:00:00,133.83,134.25,133.83,134.25,305
2019-01-04 05:15:00,134.03,134.03,134.03,134.03,600
2019-01-04 05:00:00,134.4,134.4,134.4,134.4,162
2019-01-04 04:45:00,134.0,134.0,134.0,134.0,225
2019-01-04 04:30:00,133.4,134.0,133.4,134.0,1560
2019-01-04 04:15:00,132.7,132.7,132.7,132.7,2285
2019-01-03 20:00:00,131.34,131.36,131.3,131.33,1530
2019-01-03 19:45:00,131.3,131.67,131.12,131.42,2176
2019-01-03 19:30:00,131.77,131.77,131.4,131.44,1348
2019-01-03 19:15:00,131.9,131.9,131.9,131.9,605
2019-01-03 19:00:00,132.0,132.13,131.9,132.1,9064
2019-01-03 18:45:00,132.0,132.0,132.0,132.0,250
2019-01-03 18:30:00,132.0,132.14,132.0,132.14,1698
2019-01-03 18:15:00,131.8,132.0,131.76,132.0,2186
2019-01-03 18:00:00,131.7,131.7,131.7,131.7,319
2019-01-03 17:45:00,131.74,131.8,131.67,131.7,245102
2019-01-03 17:30:00,131.87,131.97,131.84,131.84,960
2019-01-03 17:15:00,131.99,132.09,131.87,132.0,1497
2019-01-03 17:00:00,131.95,132.0,131.8563,132.0,12834
2019-01-03 16:45:00,131.86,131.9,131.74,131.85,5347
2019-01-03 16:30:00,131.85,131.98,131.74,131.88,18006
2019-01-03 16:15:00,131.74,132.19,131.74,131.82,962010
2019-01-03 16:00:00,131.49,132.05,131.2,132.04,1910771
2019-01-03 15:45:00,131.41,132.09,131.27,131.48,702188
2019-01-03 15:30:00,131.17,131.82,131.12,131.4,632270
2019-01-03 15:15:00,131.64,131.93,131.13,131.167,459615
2019-01-03 15:00:00,131.96,132.04,131.54,131.62,427973
2019-01-03 14:45:00,132.54,132.69,131.96,131.98,447813
2019-01-03 14:30:00,131.8719,132.6,131.799,132.52,454599
2019-01-03 14:15:00,132.07,132.14,131.69,131.89,481909
2019-01-03 14:00:00,132.93,132.96,131.96,132.06,592019
2019-01-03 13:45:00,132.71,133.145,132.21,132.9356,412946
2019-01-03 13:30:00,132.9028,132.98,132.2805,132.71,503535
2019-01-03 13:15:00,133.12,133.12,132.54,132.8895,421230
2019-01-03 13:00:00,132.7888,133.3399,132.779,133.14,342119
2019-01-03 12:45:00,132.88,133.23,132.55,132.7925,453119
2019-01-03 12:30:00,133.47,133.6,132.74,132.8762,428909
2019-01-03 12:15:00,133.31,133.64,132.97,133.47,450433
2019-01-03 12:00:00,133.7,133.95,133.13,133.33,567737
2019-01-03 11:45:00,133.1459,134.05,132.95,133.71,706430
2019-01-03 11:30:00,133.25,134.04,133.07,133.1375,717757
2019-01-03 11:15:00,133.23,133.62,132.68,133.23,582509
2019-01-03 11:00:00,132.74,133.42,132.67,133.215,591638
2019-01-03 10:45:00,134.0,134.02,132.46,132.7635,883559
2019-01-03 10:30:00,133.63,134.4,133.37,133.961,977535
2019-01-03 10:15:00,134.63,134.63,133.53,133.6338,1091363
2019-01-03 10:00:00,136.74,136.75,134.31,134.64,1345076
2019-01-03 09:45:00,134.69,137.17,134.48,136.69,2396939
2019-01-03 09:30:00,134.29,134.7,134.1,134.69,22129
2019-01-03 09:15:00,134.45,134.45,134.131,134.3,6780
2019-01-03 09:00:00,134.07,134.7,133.79,134.488,25569
2019-01-03 08:45:00,134.02,134.19,133.99,134.0,8623
2019-01-03 08:30:00,134.36,134.5,134.0,134.0001,12499
2019-01-03 08:15:00,133.8,134.4,133.2,134.4,18880
2019-01-03 08:00:00,133.94,134.05,133.79,133.99,5480
2019-01-03 07:45:00,133.85,133.9,133.74,133.75,3557
2019-01-03 07:30:00,133.5,133.75,133.4,133.7,2093
2019-01-03 07:15:00,133.1,133.69,133.1,133.5,7531
2019-01-03 07:00:00,133.12,133.13,133.1,133.1,2868
2019-01-03 06:45:00,133.09,133.11,133.09,133.11,4205
2019-01-03 06:00:00,133.3,133.46,133.3,133.46,305
2019-01-03 05:45:00,133.19,133.2,132.9,132.9,3931
2019-01-03 05:30:00,133.1,133.1,133.0,133.0,450
2019-01-03 05:15:00,133.0,133.0,133.0,133.0,1670
2019-01-03 05:00:00,133.2,133.2,133.2,133.2,150
2019-01-03 04:45:00,133.49,133.49,133.49,133.49,100
2019-01-03 04:30:00,133.2,133.99,133.2,133.99,1062
2019-01-03 04:15:00,132.8,133.28,132.78,133.28,1400
2019-01-02 20:00:00,133.3,133.5,133.17,133.5,3931
2019-01-02 19:45:00,133.29,133.43,133.11,133.43,3015
2019-01-02 19:30:00,132.82,133.2,132.82,133.2,3119
2019-01-02 19:15:00,132.67,132.85,132.67,132.82,3630
2019-01-02 19:00:00,133.35,133.35,132.73,132.73,82962
2019-01-02 18:45:00,133.32,133.47,133.23,133.26,4906
2019-01-02 18:30:00,133.5,133.6,133.2,133.5,7677
2019-01-02 18:15:00,133.35,133.67,133.06,133.67,20789
2019-01-02 18:00:00,133.4,133.5,133.01,133.25,9770
2019-01-02 17:45:00,133.64,133.74,133.34,133.4,35341
2019-01-02 17:30:00,133.7,133.94,133.6,133.65,9344
2019-01-02 17:15:00,133.8,134.0,133.6,133.75,20909
2019-01-02 17:00:00,133.95,134.0,133.65,133.8001,58654
2019-01-02 16:45:00,135.5,135.68,133.5,133.91,123247
2019-01-02 16:30:00,135.51,135.8,135.4,135.4,5346
2019-01-02 16:15:00,135.68,135.68,135.5,135.59,394619
2019-01-02 16:00:00,135.13,135.889,135.07,135.68,1371648
2019-01-02 15:45:00,135.5267,135.5267,134.86,135.1,1332171
2019-01-02 15:30:00,135.89,135.95,135.36,135.51,1263134
2019-01-02 15:15:00,136.37,136.75,135.55,135.9086,880033
2019-01-02 15:00:00,136.77,137.07,136.37,136.37,404290
2019-01-02 14:45:00,137.08,137.42,136.66,136.79,524210
2019-01-02 14:30:00,136.7,137.23,136.64,137.05,494759
2019-01-02 14:15:00,137.41,137.44,136.4297,136.7225,638040
2019-01-02 14:00:00,137.02,137.51,137.0,137.43,606991
2019-01-02 13:45:00,136.89,137.31,136.72,137.0,618256
2019-01-02 13:30:00,136.11,137.08,136.09,136.8948,788260
2019-01-02 13:15:00,136.23,136.66,135.96,136.16,814290
2019-01-02 13:00:00,136.2212,136.5,136.02,136.19,561985
2019-01-02 12:45:00,135.31,136.25,135.3,136.22,778518
2019-01-02 12:30:00,135.09,135.39,134.71,135.33,678542
2019-01-02 12:15:00,135.4496,135.52,134.84,135.095,960098
2019-01-02 12:00:00,135.93,136.45,135.43,135.45,1105345
2019-01-02 11:45:00,135.72,136.27,135.43,135.94,1061491
2019-01-02 11:30:00,135.4673,136.2,135.3201,135.695,1485060
2019-01-02 11:15:00,134.465,135.65,134.06,135.44,1327529
2019-01-02 11:00:00,133.6668,134.51,133.46,134.45,1031233
2019-01-02 10:45:00,133.02,133.71,132.82,133.68,792877
2019-01-02 10:30:00,132.78,133.43,132.65,133.04,1376217
2019-01-02 10:15:00,131.89,132.98,131.45,132.755,1270522
2019-01-02 10:00:00,131.02,132.1,130.81,131.91,1529741
2019-01-02 09:45:00,128.99,131.37,128.56,130.991,2266226
2019-01-02 09:30:00,128.09,129.0,127.95,128.89,44709
2019-01-02 09:15:00,127.75,128.2,127.6712,128.2,19268
2019-01-02 09:00:00,127.71,131.09,127.55,127.75,13044
2019-01-02 08:45:00,127.759,127.85,127.55,127.71,12074
2019-01-02 08:30:00,127.9,128.1499,127.4001,127.71,15570
2019-01-02 08:15:00,128.2009,131.09,127.19,127.8,43318
2019-01-02 08:00:00,128.16,128.3,127.0,127.3,25541
2019-01-02 07:45:00,128.34,128.34,127.69,128.0,14347
2019-01-02 07:30:00,128.5,128.6,128.2,128.4,8730
2019-01-02 07:15:00,127.98,128.56,127.8,128.32,13803
2019-01-02 07:00:00,127.91,127.91,127.65,127.65,2355
2019-01-02 06:45:00,128.3,128.33,128.1,128.23,600
2019-01-02 06:30:00,128.2,128.3,128.2,128.3,1032
2019-01-02 06:15:00,128.1,128.1,127.5,128.0,3475
2019-01-02 06:00:00,128.29,128.45,128.2,128.2,1161
2019-01-02 05:45:00,127.95,128.18,127.95,128.18,600
2019-01-02 05:30:00,128.31,128.31,128.31,128.31,503
2019-01-02 05:15:00,128.32,128.32,128.3,128.3,450
2019-01-02 05:00:00,127.83,128.0,127.83,128.0,2127
2019-01-02 04:45:00,128.3,128.5,127.96,127.96,733
2019-01-02 04:30:00,127.8,127.8,127.8,127.8,500
2019-01-02 04:15:00,127.69,129.0,127.0,127.34,2889
2018-12-31 20:00:00,130.55,131.0,130.55,131.0,5430
2018-12-31 19:45:00,130.79,130.89,130.58,130.89,3950
2018-12-31 19:30:00,130.6,130.69,130.6,130.69,838
2018-12-31 19:15:00,130.65,130.69,130.65,130.69,310
2018-12-31 19:00:00,130.54,130.55,130.5,130.55,612
2018-12-31 18:45:00,130.55,130.57,130.54,130.55,1147
2018-12-31 18:30:00,130.77,131.09,130.6,130.6,43423
2018-12-31 18:15:00,130.66,130.7,130.63,130.7,1586
2018-12-31 18:00:00,130.52,130.65,130.5,130.65,2474
2018-12-31 17:45:00,130.8,130.8,130.4,130.5,11522
2018-12-31 17:30:00,131.09,131.09,130.79,130.79,6982
2018-12-31 17:15:00,130.8,130.84,130.75,130.75,8638
2018-12-31 17:00:00,130.82,130.89,130.8,130.8,6585
2018-12-31 16:45:00,130.9,131.0,130.85,130.85,35188
2018-12-31 16:30:00,130.8,131.13,130.75,130.9,62449
2018-12-31 16:15:00,131.09,131.13,130.45,130.83,422410
2018-12-31 16:00:00,130.29,131.39,130.05,131.31,2539307
2018-12-31 15:45:00,130.15,130.4,130.02,130.2899,883911
2018-12-31 15:30:00,130.28,130.49,129.95,130.13,949994
2018-12-31 15:15:00,130.46,130.7,130.02,130.25,689698
2018-12-31 15:00:00,130.52,130.8434,130.42,130.48,493187
2018-12-31 14:45:00,130.2674,130.73,130.14,130.5317,571333
2018-12-31 14:30:00,130.47,130.92,130.21,130.2641,612632
2018-12-31 14:15:00,130.29,130.7,130.02,130.5,502920
2018-12-31 14:00:00,130.35,130.4,130.1231,130.28,468558
2018-12-31 13:45:00,130.805,130.8167,130.34,130.3576,531136
2018-12-31 13:30:00,130.65,131.2899,130.6,130.8,393245
2018-12-31 13:15:00,130.62,130.84,130.37,130.67,515348
2018-12-31 13:00:00,130.88,130.88,130.18,130.59,945271
2018-12-31 12:45:00,130.87,130.96,130.56,130.88,500533
2018-12-31 12:30:00,131.58,131.58,130.86,130.87,639689
2018-12-31 12:15:00,131.645,131.97,131.49,131.5972,1025767
2018-12-31 12:00:00,130.96,131.75,130.9342,131.66,718866
2018-12-31 11:45:00,130.98,131.05,130.5,130.96,471970
2018-12-31 11:30:00,130.7383,131.14,130.4,131.0,781222
2018-12-31 11:15:00,130.57,130.95,130.18,130.7449,705347
2018-12-31 11:00:00,130.8192,131.08,130.37,130.57,841086
2018-12-31 10:45:00,131.5645,131.5799,130.61,130.82,1082574
2018-12-31 10:30:00,131.34,131.7,131.06,131.553,774097
2018-12-31 10:15:00,131.9662,132.2,131.22,131.35,1097581
2018-12-31 10:00:00,133.3603,133.44,131.55,131.95,1623783
2018-12-31 09:45:00,134.45,134.64,133.26,133.3658,1345697
2018-12-31 09:30:00,134.6084,134.8,134.3,134.49,20444
2018-12-31 09:15:00,134.52,134.67,134.33,134.67,7383
2018-12-31 09:00:00,134.52,134.7,134.5,134.58,15376
2018-12-31 08:45:00,134.41,134.625,134.4,134.5,14681
2018-12-31 08:30:00,134.73,134.73,134.31,134.57,10272
2018-12-31 08:15:00,134.68,134.97,134.5,134.74,21475
2018-12-31 08:00:00,134.84,135.08,134.83,135.01,3106
2018-12-31 07:45:00,134.79,135.0,134.76,134.99,9525
2018-12-31 07:30:00,134.7,134.9,134.69,134.85,9667
2018-12-31 07:15:00,134.66,135.0,134.52,134.75,13368
2018-12-31 06:45:00,134.51,134.51,134.51,134.51,165
2018-12-31 05:45:00,134.5,134.5,134.5,134.5,514
2018-12-31 05:30:00,134.65,134.65,134.65,134.65,108
2018-12-31 05:15:00,134.0,134.0,134.0,134.0,100
2018-12-28 20:00:00,133.11,133.4,133.11,133.4,7670
2018-12-28 19:45:00,133.1,133.1,133.1,133.1,115
2018-12-28 19:30:00,133.06,133.1,133.05,133.05,600
2018-12-28 19:15:00,133.05,133.05,133.03,133.03,2059
2018-12-28 19:00:00,133.09,133.1,133.03,133.03,3650
2018-12-28 18:45:00,133.03,133.15,133.03,133.14,4416
2018-12-28 18:30:00,133.15,133.15,133.15,133.15,1500
2018-12-28 18:15:00,133.2,133.2,133.2,133.2,251302
2018-12-28 18:00:00,132.9001,133.18,132.9001,133.03,1456
2018-12-28 17:45:00,133.15,133.19,133.08,133.08,1645
2018-12-28 17:30:00,133.1401,133.2,133.11,133.12,4056
2018-12-28 17:15:00,133.03,133.2,133.03,133.14,2956
2018-12-28 17:00:00,133.14,133.18,133.01,133.01,4619
2018-12-28 16:45:00,133.1,133.1,132.95,133.01,8814
2018-12-28 16:30:00,133.0,133.18,132.9,133.1,13439
2018-12-28 16:15:00,133.2,134.8375,132.88,133.1,710590
2018-12-28 16:00:00,132.23,133.37,132.2156,133.2,1817262
2018-12-28 15:45:00,133.62,133.68,132.2,132.22,1326770
2018-12-28 15:30:00,134.66,134.69,133.22,133.59,969657
2018-12-28 15:15:00,135.7301,135.92,134.2793,134.67,898285
2018-12-28 15:00:00,135.27,135.86,135.14,135.73,783108
2018-12-28 14:45:00,134.4999,135.32,134.4728,135.27,916936
2018-12-28 14:30:00,134.3809,134.69,134.12,134.49,565981
2018-12-28 14:15:00,134.1,134.71,134.1,134.39,753673
2018-12-28 14:00:00,133.5,134.19,133.49,134.1,391691
2018-12-28 13:45:00,133.55,133.63,133.2,133.47,338543
2018-12-28 13:30:00,133.893,134.01,133.26,133.56,392615
2018-12-28 13:15:00,133.7197,133.99,133.55,133.895,334716
2018-12-28 13:00:00,134.1,134.3,133.6,133.72,387852
2018-12-28 12:45:00,133.85,134.41,133.49,134.12,635317
2018-12-28 12:30:00,134.0275,134.81,133.46,133.8308,945240
2018-12-28 12:15:00,133.75,134.6,133.665,134.0363,669286
2018-12-28 12:00:00,133.86,133.97,133.38,133.71,480652
2018-12-28 11:45:00,134.0,134.48,133.76,133.835,584622
2018-12-28 11:30:00,133.51,134.0998,133.44,134.0271,568774
2018-12-28 11:15:00,133.47,133.89,133.1,133.55,518082
2018-12-28 11:00:00,133.44,134.289,133.37,133.49,536652
2018-12-28 10:45:00,133.25,133.95,133.09,133.39,578709
2018-12-28 10:30:00,133.92,134.2,133.0706,133.265,619012
2018-12-28 10:15:00,134.58,134.65,133.4,133.877,711871
2018-12-28 10:00:00,134.7508,135.46,134.01,134.51,1272437
2018-12-28 09:45:00,135.34,135.47,133.17,134.7499,1593783
2018-12-28 09:30:00,135.0,135.35,134.9,135.3,19848
2018-12-28 09:15:00,135.0,135.1268,134.91,135.0,6648
2018-12-28 09:00:00,135.0,135.15,135.0,135.15,6388
2018-12-28 08:45:00,134.99,135.15,134.9,135.0,8805
2018-12-28 08:30:00,135.03,135.05,134.85,135.0,10327
2018-12-28 08:15:00,135.47,135.6999,135.0,135.25,24999
2018-12-28 08:00:00,135.16,135.28,135.0,135.25,10696
2018-12-28 07:45:00,135.46,135.46,135.14,135.3,2328
2018-12-28 07:30:00,135.42,135.57,135.14,135.47,4256
2018-12-28 07:15:00,135.2,135.6,135.0,135.59,11530
2018-12-28 07:00:00,135.75,135.86,135.45,135.45,2761
2018-12-28 06:45:00,135.89,136.0,135.89,135.99,1884
2018-12-28 06:30:00,135.8,135.85,135.8,135.81,1666
2018-12-28 06:15:00,135.66,135.66,135.3,135.3,1184
2018-12-28 06:00:00,135.66,135.66,135.56,135.66,850
2018-12-28 05:45:00,135.49,135.5,135.49,135.5,2959
2018-12-28 05:30:00,135.23,135.36,135.21,135.36,697
2018-12-28 05:15:00,135.29,135.32,135.29,135.32,407
2018-12-28 05:00:00,135.09,135.14,135.09,135.14,658
2018-12-28 04:30:00,135.0,135.0,135.0,135.0,519
2018-12-28 04:15:00,135.0,135.0,134.75,134.75,1170
2018-12-27 20:00:00,134.32,134.32,133.5,133.5,6378
2018-12-27 19:45:00,134.2,134.3,134.2,134.3,2184
2018-12-27 19:30:00,134.02,134.02,133.9,134.0,1223
2018-12-27 19:15:00,133.95,134.2,133.81,134.11,5104
2018-12-27 19:00:00,133.72,133.95,133.7,133.95,1370
2018-12-27 18:45:00,133.7,134.52,133.7,134.52,867367
2018-12-27 18:30:00,133.94,133.94,133.65,133.65,806
2018-12-27 18:15:00,134.31,134.42,133.9,133.95,4812
2018-12-27 18:00:00,134.4,134.45,134.3,134.45,2328
2018-12-27 17:45:00,134.28,134.35,134.28,134.3,1906
2018-12-27 17:30:00,134.4,134.5,134.3,134.5,3493
2018-12-27 17:15:00,134.4962,134.52,134.25,134.34,8224
2018-12-27 17:00:00,134.3301,134.5,134.28,134.5,2503
2018-12-27 16:45:00,134.52,134.57,134.28,134.52,823118
2018-12-27 16:30:00,134.93,134.99,134.6,134.6,59180
2018-12-27 16:15:00,134.52,134.93,133.62,134.93,880818
2018-12-27 16:00:00,134.64,134.66,133.3,134.56,2558255
2018-12-27 15:45:00,134.03,134.93,133.35,134.61,1765287
2018-12-27 15:30:00,132.92,134.13,132.62,134.01,1391611
2018-12-27 15:15:00,132.065,132.94,131.62,132.9355,830089
2018-12-27 15:00:00,131.35,132.0838,130.79,132.0665,710967
2018-12-27 14:45:00,130.93,131.45,130.42,131.36,645982
2018-12-27 14:30:00,130.03,130.97,129.67,130.9684,723403
2018-12-27 14:15:00,130.36,130.47,129.89,130.05,748542
2018-12-27 14:00:00,130.84,130.9015,129.87,130.35,994788
2018-12-27 13:45:00,130.73,131.22,130.7,130.84,519828
2018-12-27 13:30:00,130.87,130.98,130.56,130.74,346983
2018-12-27 13:15:00,130.89,131.1012,130.62,130.89,359350
2018-12-27 13:00:00,130.62,131.17,130.4,130.9095,454628
2018-12-27 12:45:00,130.93,131.22,130.47,130.62,499572
2018-12-27 12:30:00,131.24,131.86,130.69,130.93,705164
2018-12-27 12:15:00,131.74,131.83,131.2,131.25,752821
2018-12-27 12:00:00,131.76,131.92,131.2,131.75,731062
2018-12-27 11:45:00,132.829,133.22,131.74,131.76,888208
2018-12-27 11:30:00,131.87,132.8649,131.87,132.82,883753
2018-12-27 11:15:00,131.31,131.97,131.06,131.89,659304
2018-12-27 11:00:00,131.9402,132.45,131.3,131.3553,1041268
2018-12-27 10:45:00,131.01,131.9699,131.01,131.9489,1145223
2018-12-27 10:30:00,132.355,132.73,130.96,131.0,1320080
2018-12-27 10:15:00,132.92,133.29,132.01,132.3253,1140982
2018-12-27 10:00:00,134.47,134.99,132.12,132.92,2078863
2018-12-27 09:45:00,132.44,134.77,131.86,134.47,2316677
2018-12-27 09:30:00,132.36,132.8,132.3,132.36,37743
2018-12-27 09:15:00,132.34,132.77,132.3,132.35,25180
2018-12-27 09:00:00,132.42,132.59,132.25,132.33,26011
2018-12-27 08:45:00,132.49,132.6,132.3059,132.42,20250
2018-12-27 08:30:00,132.79,132.93,132.31,132.47,15827
2018-12-27 08:15:00,132.38,132.8899,132.1001,132.7,30584
2018-12-27 08:00:00,132.54,132.9,132.5,132.55,6197
2018-12-27 07:45:00,132.43,132.59,132.3,132.55,7585
2018-12-27 07:30:00,132.1,132.35,132.1,132.25,4286
2018-12-27 07:15:00,132.28,132.7,132.24,132.24,8687
2018-12-27 07:00:00,132.39,132.39,132.39,132.39,600
2018-12-27 06:45:00,132.01,132.2,132.0,132.2,753
2018-12-27 06:30:00,132.0,132.02,132.0,132.01,1234
2018-12-27 06:15:00,131.99,132.0,131.86,131.86,1015
2018-12-27 06:00:00,131.87,131.87,131.51,131.51,720
2018-12-27 05:45:00,131.43,132.0,131.43,132.0,1684
2018-12-27 05:30:00,131.7,131.7,131.38,131.43,844
2018-12-27 05:15:00,131.28,131.9,131.28,131.7,6161
2018-12-27 05:00:00,131.45,131.45,131.45,131.45,857
2018-12-27 04:30:00,132.42,132.42,131.1,131.1,3795
2018-12-27 04:15:00,133.0,133.0,132.5,132.5,1967
2018-12-26 20:00:00,133.93,134.0,133.77,133.9,20980
2018-12-26 19:45:00,134.13,134.13,133.9,133.93,3435
2018-12-26 19:30:00,134.28,134.5,134.15,134.15,6295
2018-12-26 19:15:00,134.16,134.4,134.15,134.27,5513
2018-12-26 19:00:00,134.26,134.54,134.03,134.15,30664
2018-12-26 18:45:00,134.18,134.27,134.01,134.26,14649
2018-12-26 18:30:00,134.18,134.18,134.12,134.1799,1476
2018-12-26 18:15:00,134.24,134.3999,134.0,134.18,3387
2018-12-26 18:00:00,134.2202,134.2202,134.0,134.2,2533
2018-12-26 17:45:00,133.94,134.0,133.9,134.0,4021
2018-12-26 17:30:00,133.9,133.9599,133.88,133.88,4523
2018-12-26 17:15:00,134.0,134.0,133.8,133.83,20246
2018-12-26 17:00:00,134.0,134.18,133.85,134.0,303809
2018-12-26 16:45:00,133.88,134.43,133.8,134.0,544479
2018-12-26 16:30:00,133.97,134.18,133.88,133.99,27532
2018-12-26 16:15:00,134.18,134.26,133.98,133.9987,2495259
2018-12-26 16:00:00,133.48,134.24,133.25,134.15,2505208
2018-12-26 15:45:00,132.81,133.52,132.75,133.4799,1330246
2018-12-26 15:30:00,132.49,132.85,132.21,132.8199,1335721
2018-12-26 15:15:00,132.47,132.5179,132.0,132.49,814489
2018-12-26 15:00:00,131.965,132.56,131.74,132.4864,682746
2018-12-26 14:45:00,131.77,132.32,131.58,131.95,591534
2018-12-26 14:30:00,131.96,132.1749,131.43,131.77,664964
2018-12-26 14:15:00,132.39,132.47,131.68,131.97,699662
2018-12-26 14:00:00,132.36,132.62,132.15,132.37,694271
2018-12-26 13:45:00,131.9401,132.54,131.91,132.37,827373
2018-12-26 13:30:00,131.57,132.16,131.12,131.99,724878
2018-12-26 13:15:00,132.54,132.78,131.3855,131.56,955919
2018-12-26 13:00:00,131.25,132.85,131.23,132.52,1602162
2018-12-26 12:45:00,130.87,131.25,130.51,131.25,822776
2018-12-26 12:30:00,131.45,131.45,130.38,130.87,1249576
2018-12-26 12:15:00,130.1,131.63,130.03,131.45,2675853
2018-12-26 12:00:00,129.575,130.17,129.02,130.14,1077898
2018-12-26 11:45:00,128.59,129.8241,128.55,129.5614,1410340
2018-12-26 11:30:00,128.3,128.9,128.22,128.63,767548
2018-12-26 11:15:00,127.25,128.4769,127.2326,128.31,979652
2018-12-26 11:00:00,127.07,127.75,126.87,127.195,893945
2018-12-26 10:45:00,127.68,127.8478,126.92,127.0998,1140979
2018-12-26 10:30:00,126.55,128.06,126.19,127.68,1669748
2018-12-26 10:15:00,128.13,128.84,126.42,126.5,1953545
2018-12-26 10:00:00,127.9,129.57,127.2,128.13,2617869
2018-12-26 09:45:00,126.0,129.09,125.89,127.90799999999999,2538127
2018-12-26 09:30:00,125.9,126.47,125.72,126.01,96597
2018-12-26 09:15:00,125.65,125.85,125.54,125.82,26852
2018-12-26 09:00:00,125.54,125.95,125.54,125.7,16389
2018-12-26 08:45:00,125.68,125.8,125.25,125.75,14034
2018-12-26 08:30:00,125.66,125.85,125.51,125.8,5721
2018-12-26 08:15:00,124.6,126.0,124.55,125.6,44605
2018-12-26 08:00:00,125.67,125.88,125.55,125.86,5564
2018-12-26 07:45:00,125.59,125.9,125.25,125.7,23451
2018-12-26 07:30:00,124.7,125.06,124.51,125.06,13930
2018-12-26 07:15:00,124.58,124.8,124.58,124.68,2614
2018-12-26 07:00:00,124.33,124.76,124.33,124.76,412
2018-12-26 06:30:00,124.74,124.74,124.7,124.7,700
2018-12-26 06:15:00,124.6,124.6,124.6,124.6,100
2018-12-26 06:00:00,124.6,124.6,124.6,124.6,310
2018-12-26 05:45:00,124.75,124.75,124.75,124.75,1000
2018-12-26 05:15:00,124.98,125.0,124.6,124.6,1813
2018-12-26 05:00:00,124.48,124.48,124.48,124.48,200
2018-12-26 04:45:00,124.37,124.37,124.3,124.3,400
2018-12-26 04:15:00,124.0,124.35,124.0,124.35,2237
2018-12-24 17:00:00,124.0,124.0,123.83,123.83,4060
2018-12-24 16:45:00,123.95,124.01,123.93,124.01,2003
2018-12-24 16:30:00,123.85,123.95,123.85,123.95,275
2018-12-24 16:15:00,123.83,123.96,123.83,123.96,1067
2018-12-24 13:30:00,124.06,124.06,124.06,124.06,0
2018-12-24 13:15:00,123.54,124.06,123.54,123.92,1391978
2018-12-24 13:00:00,126.07,126.07,123.5,123.54,2854318
2018-12-24 12:45:00,126.195,126.55,125.93,126.07,964238
2018-12-24 12:30:00,126.21,126.855,125.71,126.195,917873
2018-12-24 12:15:00,126.17,126.869,125.7501,126.26,787759
2018-12-24 12:00:00,126.93,126.98,125.95,126.14,870912
2018-12-24 11:45:00,127.3438,127.795,126.91,126.9552,855449
2018-12-24 11:30:00,128.3,128.3,127.12,127.3593,861975
2018-12-24 11:15:00,129.44,129.6899,127.85,128.23,957507
2018-12-24 11:00:00,128.8737,129.74,128.2401,129.47,1521397
2018-12-24 10:45:00,127.14,129.0,127.125,128.8948,1364636
2018-12-24 10:30:00,127.68,127.81,126.89,127.09,1194876
2018-12-24 10:15:00,126.2,127.7,126.09,127.65,1669455
2018-12-24 10:00:00,126.24,126.31,124.85,126.13,1926705
2018-12-24 09:45:00,123.1,127.44,123.02,126.26,3028455
2018-12-24 09:30:00,123.2,123.2,122.89,123.13,38401
2018-12-24 09:15:00,123.0,123.45,122.92,123.25,47138
2018-12-24 09:00:00,123.4,123.46,123.06,123.06,32009
2018-12-24 08:45:00,123.45,123.7,123.15,123.46,17610
2018-12-24 08:30:00,123.4,124.1,123.2,123.7,20412
2018-12-24 08:15:00,123.95,125.195,122.55,123.1,49262
2018-12-24 08:00:00,123.4,123.49,123.02,123.02,11632
2018-12-24 07:45:00,123.95,124.23,123.01,123.65,16500
2018-12-24 07:30:00,124.15,124.2,123.5,123.95,12343
2018-12-24 07:15:00,125.11,125.11,124.18,124.5,6408
2018-12-24 07:00:00,125.4,125.4,125.2,125.2,354
2018-12-24 06:45:00,125.4,125.4,125.4,125.4,995
2018-12-24 06:30:00,125.4,125.4,125.4,125.4,300
2018-12-24 05:45:00,125.52,125.52,125.04,125.04,3051
2018-12-24 05:30:00,125.78,125.78,125.78,125.78,120
2018-12-24 05:00:00,125.5,125.79,125.5,125.79,893
2018-12-24 04:15:00,125.49,125.95,125.07,125.2,3087
2018-12-21 20:00:00,124.2,124.5,124.16,124.5,12947
2018-12-21 19:45:00,124.25,124.39,124.2,124.35,4396
2018-12-21 19:30:00,124.25,124.35,124.25,124.25,2374
2018-12-21 19:15:00,124.3,124.39,124.13,124.13,1719
2018-12-21 19:00:00,124.2,124.4,124.2,124.2,5127
2018-12-21 18:45:00,124.25,124.95,124.2,124.2,16967
2018-12-21 18:30:00,124.43,124.6,124.19,124.2201,6212
2018-12-21 18:15:00,124.7,124.75,124.4001,124.4001,4314
2018-12-21 18:00:00,124.9,124.95,124.7,124.7,187215
2018-12-21 17:45:00,124.86,124.86,124.62,124.62,538
2018-12-21 17:30:00,124.6,125.1,124.6,124.95,34529
2018-12-21 17:15:00,124.83,124.9205,124.51,124.9205,1491
2018-12-21 17:00:00,124.84,125.0,124.69,125.0,308407
2018-12-21 16:45:00,124.3,124.95,124.28,124.95,57931
2018-12-21 16:30:00,124.45,124.96,124.26,124.3,54427
2018-12-21 16:15:00,124.95,125.23,124.1,124.5,4319651
2018-12-21 16:00:00,124.7,125.3,124.19,124.975,3463067
2018-12-21 15:45:00,123.94,125.2,123.42,124.73,2422626
2018-12-21 15:30:00,125.64,125.73,123.91,123.93,2092296
2018-12-21 15:15:00,126.29,126.49,125.56,125.62,842517
2018-12-21 15:00:00,126.12,126.995,125.94,126.305,715503
2018-12-21 14:45:00,126.49,126.73,125.86,126.1,685006
2018-12-21 14:30:00,126.7,127.35,126.32,126.45,711982
2018-12-21 14:15:00,127.5,127.59,126.33,126.695,1017411
2018-12-21 14:00:00,128.36,128.3771,127.07,127.5,984988
2018-12-21 13:45:00,126.97,128.39,126.79,128.34,1146780
2018-12-21 13:30:00,126.89,127.76,126.44,126.9684,851955
2018-12-21 13:15:00,126.43,127.1,125.8,126.9,939966
2018-12-21 13:00:00,126.74,127.67,125.99,126.42,1303379
2018-12-21 12:45:00,126.14,126.84,125.21,126.72,1659809
2018-12-21 12:30:00,126.13,126.85,125.91,126.13,1404543
2018-12-21 12:15:00,126.3,126.94,125.88,126.16,1896724
2018-12-21 12:00:00,127.02,127.24,126.23,126.36,1702210
2018-12-21 11:45:00,128.44,128.69,126.34,127.0201,2361194
2018-12-21 11:30:00,127.52,128.4798,127.244,128.41,1887799
2018-12-21 11:15:00,128.57,128.57,127.23,127.52,2650560
2018-12-21 11:00:00,129.1547,129.54,128.3,128.545,1948031
2018-12-21 10:45:00,130.87,131.03,128.81,129.15,2462451
2018-12-21 10:30:00,131.07,131.96,130.28,130.9199,1471236
2018-12-21 10:15:00,131.31,131.32,129.75,131.07,2814974
2018-12-21 10:00:00,132.11,132.11,131.18,131.3297,1618107
2018-12-21 09:45:00,133.39,134.9,131.9,132.08,5799739
2018-12-21 09:30:00,134.5962,134.74,132.32,133.97,227341
2018-12-21 09:15:00,134.15,134.56,134.14,134.56,42238
2018-12-21 09:00:00,134.15,134.2,134.01,134.1999,5694
2018-12-21 08:45:00,134.06,134.4699,134.06,134.19,9316
2018-12-21 08:30:00,133.53,134.3,133.5,134.1,27458
2018-12-21 08:15:00,133.0,133.5,132.9,133.5,4978
2018-12-21 08:00:00,132.9,133.24,132.9,133.24,1978
2018-12-21 07:45:00,133.0,133.1,133.0,133.0,2088
2018-12-21 07:30:00,133.17,133.17,133.0,133.0,1553
2018-12-21 07:15:00,132.67,133.26,132.6,133.21,3086
2018-12-21 07:00:00,132.9,132.9,132.9,132.9,400
2018-12-21 06:45:00,132.75,132.9,132.75,132.9,315
2018-12-21 06:30:00,132.7,132.9,132.7,132.9,500
2018-12-21 06:15:00,132.71,132.71,132.71,132.71,125
2018-12-21 06:00:00,133.1,133.1,133.1,133.1,155
2018-12-21 05:45:00,133.0,133.0,133.0,133.0,824
2018-12-21 05:15:00,133.0,133.0,133.0,133.0,100
2018-12-21 05:00:00,133.18,133.18,133.18,133.18,200
2018-12-21 04:15:00,133.4,133.4,133.4,133.4,200
2018-12-20 20:00:00,133.55,133.65,133.5,133.65,2596
2018-12-20 19:45:00,133.74,133.98,133.5,133.61,6005
2018-12-20 19:30:00,133.55,133.72,133.5,133.72,2147
2018-12-20 19:15:00,133.94,133.94,133.54,133.54,2810
2018-12-20 19:00:00,134.19,134.2,134.0,134.0,3604
2018-12-20 18:45:00,134.22,134.25,134.1,134.13,62511
2018-12-20 18:30:00,134.2,134.48,134.2,134.48,2152
2018-12-20 18:15:00,134.2,134.48,134.15,134.2,6666
2018-12-20 18:00:00,134.3,134.39,134.2,134.2,3969
2018-12-20 17:45:00,134.3,134.4,134.3,134.39,353
2018-12-20 17:30:00,134.4,134.4,134.3,134.3,3004
2018-12-20 17:15:00,134.45,134.45,134.4,134.4,1530
2018-12-20 17:00:00,134.3,134.49,134.07,134.49,3426
2018-12-20 16:45:00,134.3,134.65,133.4,134.34,66609
2018-12-20 16:30:00,134.45,134.9667,133.4,134.32,65935
2018-12-20 16:15:00,133.4,134.4,133.2,134.4,777994
2018-12-20 16:00:00,133.68,134.0,132.56,133.41,2902578
2018-12-20 15:45:00,133.58,134.08,133.51,133.73,1481953
2018-12-20 15:30:00,133.84,134.21,133.28,133.55,1081636
2018-12-20 15:15:00,133.38,133.89,132.69,133.8473,1065261
2018-12-20 15:00:00,133.8,134.35,133.24,133.3984,1318641
2018-12-20 14:45:00,132.95,134.0,132.86,133.8112,1123265
2018-12-20 14:30:00,132.3225,133.03,131.73,132.98,1183529
2018-12-20 14:15:00,132.5321,132.66,131.63,132.34,1467989
2018-12-20 14:00:00,133.26,133.5,132.4538,132.52,698965
2018-12-20 13:45:00,133.37,133.4,132.66,133.26,814985
2018-12-20 13:30:00,133.41,133.68,132.95,133.38,747267
2018-12-20 13:15:00,133.62,133.6693,132.76,133.4523,736856
2018-12-20 13:00:00,132.71,133.69,132.52,133.62,810905
2018-12-20 12:45:00,133.25,133.45,132.58,132.7343,825314
2018-12-20 12:30:00,132.1,133.28,132.0,133.22,910430
2018-12-20 12:15:00,132.1,132.42,131.73,132.1,1013042
2018-12-20 12:00:00,132.6283,132.99,131.64,132.08,1761152
2018-12-20 11:45:00,132.7838,133.33,132.5,132.6285,1191744
2018-12-20 11:30:00,133.03,133.46,132.34,132.7725,1297395
2018-12-20 11:15:00,133.89,133.92,132.93,133.05,1160257
2018-12-20 11:00:00,134.9643,134.98,133.44,133.9,1182791
2018-12-20 10:45:00,133.955,135.25,133.79,134.95,1293042
2018-12-20 10:30:00,134.78,135.14,133.7,133.95,1694239
2018-12-20 10:15:00,135.1664,135.57,134.35,134.78,1607498
2018-12-20 10:00:00,133.45,135.25,133.3757,135.154,2821761
2018-12-20 09:45:00,130.7,133.6,130.0,133.44,4651868
2018-12-20 09:30:00,131.88,133.24,130.4,130.71,96982
2018-12-20 09:15:00,130.54,132.6,130.5,131.85,142255
2018-12-20 09:00:00,131.2,131.21,130.15,130.55,92901
2018-12-20 08:45:00,131.88,131.9,130.99,131.21,59078
2018-12-20 08:30:00,132.08,132.12,131.8,131.8,52106
2018-12-20 08:15:00,132.45,132.7,131.75,132.08,53723
2018-12-20 08:00:00,132.45,132.85,132.32,132.73,7835
2018-12-20 07:45:00,132.4,132.48,132.2,132.48,6968
2018-12-20 07:30:00,132.69,132.69,132.18,132.35,5554
2018-12-20 07:15:00,132.5,132.74,132.36,132.65,15399
2018-12-20 07:00:00,133.0,133.0,132.3,132.3,6463
2018-12-20 06:45:00,132.78,132.98,132.74,132.98,7163
2018-12-20 06:30:00,132.77,132.77,132.59,132.7,2342
2018-12-20 06:15:00,132.8,132.85,132.65,132.7,12743
2018-12-20 06:00:00,132.61,132.61,132.56,132.56,871
2018-12-20 05:45:00,132.85,132.85,132.67,132.77,2938
2018-12-20 05:30:00,132.72,132.75,132.71,132.75,1610
2018-12-20 05:15:00,132.85,132.85,132.56,132.56,2300
2018-12-20 05:00:00,133.0,133.0,132.8,132.8,4188
2018-12-20 04:45:00,132.25,132.85,132.25,132.85,1820
2018-12-20 04:30:00,132.3,132.3,132.07,132.11,442
2018-12-20 04:15:00,132.2,132.93,131.7,132.93,2005
