time,open,high,low,close,volume
2019-05-17 16:15:00,67.92,67.92,67.92,67.92,61371
2019-05-17 16:00:00,67.96,68.05,67.86,67.93,305917
2019-05-17 15:45:00,67.885,68.01,67.755,67.95,156548
2019-05-17 15:30:00,67.84,67.93,67.73,67.89,73368
2019-05-17 15:15:00,68.01,68.01,67.69,67.85,109660
2019-05-17 15:00:00,67.99,68.02,67.94,68.0,48505
2019-05-17 14:45:00,67.85,68.0,67.76,68.0,46098
2019-05-17 14:30:00,67.76,67.84,67.74,67.84,32693
2019-05-17 14:15:00,67.825,67.85,67.76,67.76,21870
2019-05-17 14:00:00,67.79,67.87,67.76,67.81,17558
2019-05-17 13:45:00,67.97,67.99,67.78,67.81,60814
2019-05-17 13:30:00,67.9,68.11,67.9,68.035,34903
2019-05-17 13:15:00,67.81,67.91,67.78,67.89,69088
2019-05-17 13:00:00,67.86,67.89,67.78,67.81,35035
2019-05-17 12:45:00,67.61,67.87,67.58,67.865,23803
2019-05-17 12:30:00,67.57,67.62,67.49,67.57,13925
2019-05-17 12:15:00,67.94,67.94,67.57,67.57,40982
2019-05-17 12:00:00,67.905,67.96,67.84,67.96,36827
2019-05-17 11:45:00,67.9,67.96,67.82,67.88,47864
2019-05-17 11:30:00,67.97,67.99,67.83,67.88,34467
2019-05-17 11:15:00,67.98,68.05,67.84,67.93,26923
2019-05-17 11:00:00,67.69,68.1,67.69,67.98,24076
2019-05-17 10:45:00,67.6,67.725,67.24,67.68,52982
2019-05-17 10:30:00,67.13,67.66,67.05,67.63,137413
2019-05-17 10:15:00,67.3,67.37,67.05,67.13,144874
2019-05-17 10:00:00,66.89,67.36,66.89,67.245,75519
2019-05-17 09:45:00,66.75,67.34,66.655,66.89,80337
2019-05-17 09:30:00,66.74,66.84,66.74,66.84,376
2019-05-16 16:15:00,67.09,67.09,67.09,67.09,11375
2019-05-16 16:00:00,66.85,67.22,66.82,67.07,170960
2019-05-16 15:45:00,66.97,67.0,66.79,66.84,53969
2019-05-16 15:30:00,66.925,67.01,66.845,66.98,26131
2019-05-16 15:15:00,67.1,67.1,66.9,66.94,21176
2019-05-16 15:00:00,67.25,67.25,67.05,67.13,18798
2019-05-16 14:45:00,67.2,67.25,67.18,67.25,15461
2019-05-16 14:30:00,67.06,67.19,67.04,67.19,24604
2019-05-16 14:15:00,67.01,67.0612,66.95,67.04,29885
2019-05-16 14:00:00,67.11,67.14,67.04,67.04,13623
2019-05-16 13:45:00,67.25,67.31,67.11,67.11,14851
2019-05-16 13:30:00,67.125,67.3,67.125,67.27,15195
2019-05-16 13:15:00,67.02,67.22,67.0,67.11,20611
2019-05-16 13:00:00,67.13,67.18,67.0,67.03,33290
2019-05-16 12:45:00,67.04,67.19,67.02,67.12,24656
2019-05-16 12:30:00,67.18,67.21,66.94,67.02,63675
2019-05-16 12:15:00,67.29,67.3,67.09,67.18,28617
2019-05-16 12:00:00,67.51,67.51,67.295,67.31,24751
2019-05-16 11:45:00,67.44,67.53,67.39,67.51,22671
2019-05-16 11:30:00,67.57,67.64,67.44,67.47,20450
2019-05-16 11:15:00,67.65,67.73,67.55,67.57,22828
2019-05-16 11:00:00,67.66,67.66,67.51,67.65,27903
2019-05-16 10:45:00,67.67,67.78,67.62,67.66,21381
2019-05-16 10:30:00,67.53,67.68,67.45,67.64,22145
2019-05-16 10:15:00,67.545,67.65,67.47,67.53,24806
2019-05-16 10:00:00,67.19,67.58,67.18,67.54,20898
2019-05-16 09:45:00,66.75,67.34,66.4718,67.205,27945
2019-05-15 16:15:00,66.58,66.58,66.58,66.58,36611
2019-05-15 16:00:00,66.54,66.59,66.47,66.58,190782
2019-05-15 15:45:00,66.625,66.65,66.51,66.55,57841
2019-05-15 15:30:00,66.67,66.77,66.6,66.62,48691
2019-05-15 15:15:00,66.6,66.67,66.53,66.66,47592
2019-05-15 15:00:00,66.69,66.705,66.57,66.61,26915
2019-05-15 14:45:00,66.51,66.68,66.46,66.68,61180
2019-05-15 14:30:00,66.35,66.61,66.33,66.5,73135
2019-05-15 14:15:00,66.455,66.5,66.3,66.35,29464
2019-05-15 14:00:00,66.405,66.5,66.39,66.46,18888
2019-05-15 13:45:00,66.4,66.49,66.39,66.42,15826
2019-05-15 13:30:00,66.34,66.39,66.27,66.37,18203
2019-05-15 13:15:00,66.44,66.51,66.34,66.34,17528
2019-05-15 13:00:00,66.26,66.56,66.26,66.44,16200
2019-05-15 12:45:00,66.285,66.3,66.2,66.25,19014
2019-05-15 12:30:00,66.38,66.39,66.24,66.27,35566
2019-05-15 12:15:00,66.44,66.49,66.36,66.39,36295
2019-05-15 12:00:00,66.38,66.57,66.3,66.43,26200
2019-05-15 11:45:00,66.51,66.55,66.39,66.4,17889
2019-05-15 11:30:00,66.38,66.63,66.34,66.47,25489
2019-05-15 11:15:00,66.39,66.52,66.34,66.39,51147
2019-05-15 11:00:00,66.41,66.4925,66.27,66.38,50746
2019-05-15 10:45:00,66.44,66.61,66.28,66.43,50506
2019-05-15 10:30:00,66.08,66.43,65.92,66.4,34379
2019-05-15 10:15:00,66.16,66.22,65.77,66.02,101801
2019-05-15 10:00:00,66.02,66.22,65.92,66.16,81447
2019-05-15 09:45:00,65.75,66.28,65.73,66.01,160003
2019-05-15 09:30:00,65.8,65.8,65.8,65.8,100
2019-05-15 06:15:00,66.67,66.67,66.5,66.5,824
2019-05-14 16:15:00,67.31,67.31,67.31,67.31,21600
2019-05-14 16:00:00,67.46,67.5,67.28,67.295,118254
2019-05-14 15:45:00,67.64,67.64,67.39,67.47,45506
2019-05-14 15:30:00,67.66,67.69,67.61,67.64,27151
2019-05-14 15:15:00,67.535,67.84,67.52,67.68,39364
2019-05-14 15:00:00,67.68,67.685,67.48,67.54,28614
2019-05-14 14:45:00,67.665,67.7025,67.57,67.675,21560
2019-05-14 14:30:00,67.65,67.71,67.6,67.67,17226
2019-05-14 14:15:00,67.55,67.72,67.44,67.655,23080
2019-05-14 14:00:00,67.45,67.58,67.42,67.54,13345
2019-05-14 13:45:00,67.43,67.4508,67.37,67.43,15414
2019-05-14 13:30:00,67.43,67.45,67.33,67.4,12212
2019-05-14 13:15:00,67.375,67.43,67.33,67.43,7858
2019-05-14 13:00:00,67.41,67.44,67.31,67.4,12032
2019-05-14 12:45:00,67.38,67.45,67.37,67.42,19953
2019-05-14 12:30:00,67.44,67.46,67.34,67.36,19355
2019-05-14 12:15:00,67.41,67.48,67.3,67.43,19026
2019-05-14 12:00:00,67.28,67.47,67.24,67.47,31544
2019-05-14 11:45:00,67.31,67.52,67.275,67.275,15830
2019-05-14 11:30:00,67.09,67.36,66.95,67.29,25752
2019-05-14 11:15:00,67.42,67.42,67.1,67.11,51611
2019-05-14 11:00:00,67.34,67.39,67.22,67.35,36894
2019-05-14 10:45:00,67.26,67.39,67.04,67.32,21042
2019-05-14 10:30:00,67.4,67.51,67.28,67.32,16382
2019-05-14 10:15:00,67.37,67.43,67.16,67.34,24261
2019-05-14 10:00:00,67.64,67.74,67.34,67.36,43306
2019-05-14 09:45:00,67.35,67.72,67.063,67.53,47391
2019-05-14 09:30:00,67.2,67.2,67.2,67.2,252
2019-05-13 16:15:00,66.97,66.97,66.97,66.97,113624
2019-05-13 16:00:00,66.99,67.06,66.91,66.94,288915
2019-05-13 15:45:00,67.04,67.04,66.92,66.98,78762
2019-05-13 15:30:00,67.31,67.32,67.01,67.03,61321
2019-05-13 15:15:00,67.34,67.49,67.25,67.31,41887
2019-05-13 15:00:00,67.115,67.49,67.11,67.37,26346
2019-05-13 14:45:00,67.24,67.34,67.07,67.08,31821
2019-05-13 14:30:00,66.92,67.29,66.86,67.21,35736
2019-05-13 14:15:00,66.92,67.12,66.885,66.93,28067
2019-05-13 14:00:00,66.8,66.96,66.79,66.92,22272
2019-05-13 13:45:00,66.67,67.01,66.66,66.83,61948
2019-05-13 13:30:00,66.82,66.87,66.64,66.67,44584
2019-05-13 13:15:00,66.8,66.81,66.61,66.81,35505
2019-05-13 13:00:00,66.86,66.99,66.8,66.8,28894
2019-05-13 12:45:00,66.85,67.02,66.8,66.88,19263
2019-05-13 12:30:00,66.81,66.94,66.71,66.85,27032
2019-05-13 12:15:00,67.0,67.02,66.75,66.82,18420
2019-05-13 12:00:00,66.99,67.04,66.7,67.01,22068
2019-05-13 11:45:00,67.0,67.1,66.93,66.96,21968
2019-05-13 11:30:00,67.48,67.49,66.97,66.97,28932
2019-05-13 11:15:00,67.16,67.5,67.145,67.5,48418
2019-05-13 11:00:00,67.17,67.2,67.0,67.15,16482
2019-05-13 10:45:00,66.96,67.27,66.96,67.2,41439
2019-05-13 10:30:00,67.15,67.26,66.88,66.96,26643
2019-05-13 10:15:00,67.38,67.38,66.93,67.16,47946
2019-05-13 10:00:00,67.48,67.64,67.1575,67.41,37350
2019-05-13 09:45:00,67.81,68.0,67.43,67.43,68266
2019-05-13 09:30:00,66.96,67.57,66.96,67.57,900
2019-05-13 09:15:00,66.9072,66.9072,66.9072,66.9072,100
2019-05-10 16:15:00,68.9,68.9,68.9,68.9,20347
2019-05-10 16:00:00,68.81,68.96,68.71,68.9,136779
2019-05-10 15:45:00,69.07,69.0825,68.76,68.8,137924
2019-05-10 15:30:00,68.78,69.12,68.71,69.08,81703
2019-05-10 15:15:00,68.605,68.78,68.53,68.78,55372
2019-05-10 15:00:00,68.39,68.69,68.37,68.605,109037
2019-05-10 14:45:00,68.35,68.45,68.35,68.38,57579
2019-05-10 14:30:00,68.43,68.5,68.3,68.38,59628
2019-05-10 14:15:00,68.4,68.56,68.4,68.45,49145
2019-05-10 14:00:00,68.41,68.58,68.38,68.42,91080
2019-05-10 13:45:00,68.51,68.52,68.37,68.405,54710
2019-05-10 13:30:00,68.52,68.765,68.44,68.52,81738
2019-05-10 13:15:00,68.415,68.6,68.38,68.52,59924
2019-05-10 13:00:00,68.4,68.52,68.3,68.445,43450
2019-05-10 12:45:00,68.4,68.495,68.35,68.405,30860
2019-05-10 12:30:00,68.255,68.47,68.25,68.39,45995
2019-05-10 12:15:00,68.55,68.64,68.17,68.26,152065
2019-05-10 12:00:00,68.44,68.61,68.4,68.52,104642
2019-05-10 11:45:00,68.31,68.65,68.19,68.4495,175190
2019-05-10 11:30:00,68.2,68.5,68.09,68.3,94563
2019-05-10 11:15:00,68.1,68.29,68.04,68.14,40399
2019-05-10 11:00:00,68.17,68.38,68.08,68.1,81097
2019-05-10 10:45:00,68.64,68.66,68.04,68.15,57715
2019-05-10 10:30:00,68.58,68.69,68.5,68.65,62464
2019-05-10 10:15:00,68.81,68.85,68.44,68.58,85570
2019-05-10 10:00:00,68.91,69.1,68.67,68.87,53735
2019-05-10 09:45:00,68.92,69.27,68.72,68.84,108435
2019-05-10 09:30:00,68.92,68.92,68.92,68.92,100
2019-05-09 16:15:00,69.29,69.29,69.26,69.26,152218
2019-05-09 16:00:00,69.17,69.34,69.02,69.26,314189
2019-05-09 15:45:00,69.63,69.67,69.17,69.17,199683
2019-05-09 15:30:00,69.49,69.62,69.44,69.62,57194
2019-05-09 15:15:00,69.525,69.65,69.37,69.48,71768
2019-05-09 15:00:00,69.52,69.63,69.48,69.52,107932
2019-05-09 14:45:00,69.495,69.615,69.46,69.525,58956
2019-05-09 14:30:00,69.4072,69.58,69.4,69.5,61269
2019-05-09 14:15:00,69.375,69.51,69.25,69.405,63704
2019-05-09 14:00:00,69.27,69.46,69.26,69.37,38009
2019-05-09 13:45:00,69.11,69.32,69.09,69.27,39294
2019-05-09 13:30:00,69.24,69.24,69.015,69.1,34869
2019-05-09 13:15:00,68.925,69.3,68.925,69.24,67234
2019-05-09 13:00:00,69.0,69.02,68.84,68.93,32500
2019-05-09 12:45:00,68.86,69.2,68.84,69.02,53314
2019-05-09 12:30:00,68.98,69.1,68.74,68.855,44933
2019-05-09 12:15:00,68.8,68.98,68.67,68.96,53705
2019-05-09 12:00:00,68.785,69.02,68.78,68.83,55995
2019-05-09 11:45:00,68.73,68.89,68.65,68.76,54774
2019-05-09 11:30:00,68.9,68.91,68.52,68.75,72712
2019-05-09 11:15:00,68.75,68.895,68.57,68.88,105674
2019-05-09 11:00:00,68.84,69.02,68.705,68.78,70472
2019-05-09 10:45:00,68.34,68.87,68.28,68.85,55903
2019-05-09 10:30:00,68.655,68.73,68.3,68.35,84418
2019-05-09 10:15:00,69.205,69.205,68.46,68.635,126586
2019-05-09 10:00:00,68.78,69.225,68.72,69.2,187011
2019-05-09 09:45:00,67.93,68.78,67.35,68.78,77419
2019-05-08 18:00:00,68.71,68.71,68.71,68.71,1152
2019-05-08 16:45:00,68.71,68.71,68.71,68.71,246
2019-05-08 16:15:00,68.71,68.71,68.71,68.71,8632
2019-05-08 16:00:00,68.69,68.87,68.57,68.71,369083
2019-05-08 15:45:00,68.49,68.79,68.49,68.69,206118
2019-05-08 15:30:00,68.21,68.485,68.21,68.47,361685
2019-05-08 15:15:00,68.16,68.26,68.16,68.22,105770
2019-05-08 15:00:00,68.45,68.45,68.075,68.15,111861
2019-05-08 14:45:00,68.1,68.44,68.1,68.435,67087
2019-05-08 14:30:00,67.85,68.23,67.84,68.09,82171
2019-05-08 14:15:00,67.88,67.95,67.74,67.83,75815
2019-05-08 14:00:00,67.88,67.98,67.73,67.85,51843
2019-05-08 13:45:00,67.86,67.93,67.72,67.89,41926
2019-05-08 13:30:00,68.03,68.135,67.8559,67.865,57593
2019-05-08 13:15:00,67.99,68.13,67.98,68.035,60056
2019-05-08 13:00:00,67.755,68.01,67.66,68.0,58042
2019-05-08 12:45:00,67.71,67.88,67.61,67.755,59565
2019-05-08 12:30:00,67.41,67.75,67.39,67.72,94232
2019-05-08 12:15:00,67.465,67.57,67.36,67.415,57284
2019-05-08 12:00:00,67.28,67.67,67.27,67.44,107701
2019-05-08 11:45:00,67.53,67.53,67.06,67.28,73124
2019-05-08 11:30:00,67.8,67.87,67.42,67.52,68096
2019-05-08 11:15:00,67.62,67.85,67.41,67.77,118180
2019-05-08 11:00:00,67.265,67.61,67.225,67.61,83612
2019-05-08 10:45:00,66.825,67.31,66.7,67.31,69514
2019-05-08 10:30:00,66.52,66.84,66.48,66.795,98175
2019-05-08 10:15:00,66.31,66.52,66.08,66.49,66022
2019-05-08 10:00:00,65.6,66.515,65.58,66.32,230820
2019-05-08 09:45:00,67.04,67.33,65.55,65.6,124143
2019-05-08 07:30:00,67.16,67.16,67.16,67.16,200
2019-05-07 16:15:00,66.71,66.71,66.71,66.71,24394
2019-05-07 16:00:00,66.55,66.72,66.465,66.71,389409
2019-05-07 15:45:00,66.55,66.55,66.25,66.535,180701
2019-05-07 15:30:00,66.5,66.66,66.41,66.54,124576
2019-05-07 15:15:00,66.64,66.69,66.4,66.5,93309
2019-05-07 15:00:00,66.58,66.995,66.56,66.62,94880
2019-05-07 14:45:00,66.25,66.56,66.25,66.56,94453
2019-05-07 14:30:00,65.87,66.55,65.87,66.25,217388
2019-05-07 14:15:00,65.99,66.03,65.79,65.83,84081
2019-05-07 14:00:00,65.93,66.08,65.88,66.01,86016
2019-05-07 13:45:00,65.37,66.17,65.37,65.9537,95724
2019-05-07 13:30:00,65.95,65.97,65.385,65.385,95913
2019-05-07 13:15:00,66.25,66.3,65.96,65.96,178043
2019-05-07 13:00:00,66.35,66.52,66.2707,66.2707,80182
2019-05-07 12:45:00,66.51,66.56,66.33,66.36,77712
2019-05-07 12:30:00,66.665,66.715,66.43,66.51,115300
2019-05-07 12:15:00,66.86,66.86,66.67,66.67,76082
2019-05-07 12:00:00,66.66,67.0,66.63,66.88,60229
2019-05-07 11:45:00,66.5,66.77,66.3,66.66,96882
2019-05-07 11:30:00,66.98,66.99,66.385,66.53,118991
2019-05-07 11:15:00,66.555,67.0991,66.555,66.955,129435
2019-05-07 11:00:00,67.27,67.51,66.52,66.58,166639
2019-05-07 10:45:00,66.64,67.39,66.41,67.24,174329
2019-05-07 10:30:00,66.745,66.97,66.28,66.62,202839
2019-05-07 10:15:00,67.035,67.17,66.47,66.74,187436
2019-05-07 10:00:00,66.205,67.14,65.83,67.0,359475
2019-05-07 09:45:00,65.81,69.9,64.98,66.205,750363
2019-05-07 09:30:00,66.07,66.8,66.07,66.8,979
2019-05-06 16:15:00,63.28,63.28,63.28,63.28,40833
2019-05-06 16:00:00,63.235,63.35,63.14,63.35,341291
2019-05-06 15:45:00,63.48,63.55,63.225,63.24,115783
2019-05-06 15:30:00,63.23,63.47,63.23,63.46,120165
2019-05-06 15:15:00,63.32,63.32,63.17,63.24,112978
2019-05-06 15:00:00,63.16,63.335,63.09,63.315,101437
2019-05-06 14:45:00,63.08,63.18,63.0,63.16,114271
2019-05-06 14:30:00,62.98,63.11,62.96,63.08,78633
2019-05-06 14:15:00,62.98,63.0166,62.895,62.98,51325
2019-05-06 14:00:00,62.81,62.98,62.8,62.97,62631
2019-05-06 13:45:00,62.92,62.96,62.77,62.8,46789
2019-05-06 13:30:00,62.94,63.005,62.9,62.925,37749
2019-05-06 13:15:00,62.77,62.97,62.72,62.955,50376
2019-05-06 13:00:00,62.92,62.92,62.75,62.77,35782
2019-05-06 12:45:00,62.94,63.02,62.88,62.91,43532
2019-05-06 12:30:00,62.84,63.01,62.77,62.95,56216
2019-05-06 12:15:00,63.025,63.06,62.79,62.86,44062
2019-05-06 12:00:00,62.82,63.03,62.82,63.01,60587
2019-05-06 11:45:00,62.81,62.85,62.56,62.82,62405
2019-05-06 11:30:00,62.43,62.82,62.38,62.8,100151
2019-05-06 11:15:00,62.48,62.63,62.38,62.44,167707
2019-05-06 11:00:00,62.265,62.55,62.265,62.49,79808
2019-05-06 10:45:00,62.02,62.34,61.93,62.265,53183
2019-05-06 10:30:00,62.13,62.21,61.965,62.0,35486
2019-05-06 10:15:00,62.08,62.38,61.86,62.175,45972
2019-05-06 10:00:00,62.59,62.59,62.05,62.115,65647
2019-05-06 09:45:00,62.6,62.6,61.11,62.48,96512
2019-05-06 09:30:00,62.65,62.65,62.65,62.65,352
2019-05-06 07:30:00,62.62,62.62,62.62,62.62,106
2019-05-03 16:30:00,63.41,63.41,63.41,63.41,158
2019-05-03 16:15:00,63.36,63.36,63.23,63.23,30844
2019-05-03 16:00:00,63.17,63.27,63.165,63.23,216654
2019-05-03 15:45:00,63.135,63.31,63.12,63.165,150776
2019-05-03 15:30:00,63.16,63.18,63.07,63.135,60610
2019-05-03 15:15:00,63.0575,63.21,63.04,63.17,36236
2019-05-03 15:00:00,63.2,63.23,63.01,63.05,42698
2019-05-03 14:45:00,63.4,63.45,63.2,63.2,37935
2019-05-03 14:30:00,63.14,63.4,63.125,63.39,98504
2019-05-03 14:15:00,62.95,63.15,62.95,63.15,42320
2019-05-03 14:00:00,63.14,63.15,62.96,62.9665,64194
2019-05-03 13:45:00,63.12,63.17,63.11,63.13,27042
2019-05-03 13:30:00,63.15,63.23,63.07,63.11,41776
2019-05-03 13:15:00,63.255,63.255,63.105,63.13,32059
2019-05-03 13:00:00,63.13,63.25,63.12,63.25,34368
2019-05-03 12:45:00,63.1,63.13,63.0,63.13,42156
2019-05-03 12:30:00,63.08,63.11,63.0,63.1,36749
2019-05-03 12:15:00,63.07,63.09,62.93,63.06,29504
2019-05-03 12:00:00,63.0,63.1,62.96,63.09,83078
2019-05-03 11:45:00,62.91,63.03,62.89,63.0,41089
2019-05-03 11:30:00,63.165,63.18,62.86,62.88,45929
2019-05-03 11:15:00,63.07,63.35,63.04,63.16,58268
2019-05-03 11:00:00,63.13,63.21,63.03,63.07,41428
2019-05-03 10:45:00,63.43,63.55,62.98,63.13,94994
2019-05-03 10:30:00,63.5,63.65,63.38,63.4,62966
2019-05-03 10:15:00,63.18,63.53,63.11,63.49,100048
2019-05-03 10:00:00,62.98,63.47,62.87,63.21,71204
2019-05-03 09:45:00,63.0,63.49,62.59,63.0,77577
2019-05-03 09:30:00,63.0,63.06,63.0,63.0,907
2019-05-02 16:15:00,62.77,62.77,62.77,62.77,67546
2019-05-02 16:00:00,62.75,62.88,62.6,62.76,222931
2019-05-02 15:45:00,62.745,62.83,62.68,62.75,91886
2019-05-02 15:30:00,62.635,62.75,62.585,62.745,53360
2019-05-02 15:15:00,62.595,62.67,62.52,62.645,50323
2019-05-02 15:00:00,62.555,62.68,62.39,62.59,46982
2019-05-02 14:45:00,62.56,62.73,62.48,62.57,45828
2019-05-02 14:30:00,62.49,62.63,62.435,62.59,90795
2019-05-02 14:15:00,62.305,62.64,62.305,62.47,59314
2019-05-02 14:00:00,62.2,62.37,62.1,62.305,48882
2019-05-02 13:45:00,62.0,62.28,61.99,62.21,38321
2019-05-02 13:30:00,62.0,62.125,61.95,61.995,60813
2019-05-02 13:15:00,61.88,62.04,61.739,62.0,79738
2019-05-02 13:00:00,61.83,61.94,61.81,61.875,52290
2019-05-02 12:45:00,61.66,61.985,61.655,61.83,99921
2019-05-02 12:30:00,61.67,61.68,61.45,61.65,113326
2019-05-02 12:15:00,61.8,61.8,61.61,61.66,104649
2019-05-02 12:00:00,62.02,62.04,61.64,61.795,133926
2019-05-02 11:45:00,62.02,62.205,62.01,62.02,84455
2019-05-02 11:30:00,62.39,62.42,62.01,62.01,36356
2019-05-02 11:15:00,62.36,62.55,62.35,62.39,61666
2019-05-02 11:00:00,62.6,62.655,62.36,62.37,79864
2019-05-02 10:45:00,62.51,62.75,62.45,62.6,87385
2019-05-02 10:30:00,62.46,62.61,62.4,62.48,128240
2019-05-02 10:15:00,62.42,62.56,62.34,62.46,98794
2019-05-02 10:00:00,62.635,62.75,62.44,62.44,115613
2019-05-02 09:45:00,62.51,62.775,62.39,62.66,57919
2019-05-01 16:15:00,62.44,62.44,62.44,62.44,51090
2019-05-01 16:00:00,62.485,62.5,62.18,62.44,217789
2019-05-01 15:45:00,62.72,62.72,62.43,62.485,95566
2019-05-01 15:30:00,62.89,62.93,62.65,62.74,44279
2019-05-01 15:15:00,62.82,62.91,62.73,62.9,44987
2019-05-01 15:00:00,62.73,62.92,62.67,62.83,28440
2019-05-01 14:45:00,62.845,62.91,62.58,62.7,51936
2019-05-01 14:30:00,62.93,63.01,62.84,62.85,78780
2019-05-01 14:15:00,62.92,63.03,62.82,62.9373,26436
2019-05-01 14:00:00,62.825,62.95,62.815,62.9,27680
2019-05-01 13:45:00,62.62,62.81,62.59,62.81,23918
2019-05-01 13:30:00,62.66,62.69,62.61,62.62,27531
2019-05-01 13:15:00,62.65,62.74,62.57,62.66,25652
2019-05-01 13:00:00,62.48,62.67,62.48,62.64,36474
2019-05-01 12:45:00,62.55,62.55,62.32,62.47,50174
2019-05-01 12:30:00,62.47,62.58,62.465,62.54,64203
2019-05-01 12:15:00,62.65,62.72,62.4197,62.5,72527
2019-05-01 12:00:00,62.71,62.75,62.53,62.67,70343
2019-05-01 11:45:00,62.49,62.71,62.46,62.68,68773
2019-05-01 11:30:00,62.71,62.8,62.38,62.49,65477
2019-05-01 11:15:00,62.79,62.87,62.66,62.695,80517
2019-05-01 11:00:00,63.07,63.105,62.79,62.81,46583
2019-05-01 10:45:00,63.22,63.27,63.03,63.07,54650
2019-05-01 10:30:00,63.16,63.265,63.075,63.25,57453
2019-05-01 10:15:00,63.15,63.29,63.07,63.16,60459
2019-05-01 10:00:00,63.54,63.635,63.14,63.17,53412
2019-05-01 09:45:00,64.06,64.2,63.47,63.525,36653
2019-05-01 09:30:00,64.06,64.06,64.06,64.06,100
2019-04-30 16:15:00,64.06,64.06,64.06,64.06,40126
2019-04-30 16:00:00,63.74,64.11,63.71,64.06,242544
2019-04-30 15:45:00,63.87,63.91,63.715,63.73,44428
2019-04-30 15:30:00,63.86,63.88,63.8,63.88,29861
2019-04-30 15:15:00,63.805,63.94,63.8,63.85,22977
2019-04-30 15:00:00,63.79,63.83,63.74,63.8,20736
2019-04-30 14:45:00,63.74,63.79,63.65,63.76,19020
2019-04-30 14:30:00,63.72,63.79,63.7,63.74,21417
2019-04-30 14:15:00,63.78,63.83,63.69,63.71,26705
2019-04-30 14:00:00,63.75,63.82,63.67,63.76,23066
2019-04-30 13:45:00,63.49,63.76,63.47,63.74,35441
2019-04-30 13:30:00,63.43,63.52,63.43,63.49,31742
2019-04-30 13:15:00,63.38,63.5,63.37,63.43,42562
2019-04-30 13:00:00,63.42,63.4267,63.3375,63.38,37413
2019-04-30 12:45:00,63.355,63.43,63.3,63.41,32876
2019-04-30 12:30:00,63.525,63.53,63.34,63.35,23395
2019-04-30 12:15:00,63.37,63.54,63.31,63.54,23457
2019-04-30 12:00:00,63.37,63.43,63.31,63.36,29819
2019-04-30 11:45:00,63.18,63.4,63.17,63.37,27221
2019-04-30 11:30:00,63.07,63.285,63.03,63.17,42078
2019-04-30 11:15:00,63.45,63.45,63.0,63.075,23084
2019-04-30 11:00:00,63.46,63.5,63.35,63.46,22234
2019-04-30 10:45:00,63.43,63.61,63.35,63.45,59635
2019-04-30 10:30:00,63.66,63.7,63.42,63.45,27078
2019-04-30 10:15:00,63.92,63.96,63.65,63.65,21479
2019-04-30 10:00:00,63.85,63.93,63.66,63.93,29923
2019-04-30 09:45:00,63.69,64.04,63.4813,63.88,30455
2019-04-30 08:45:00,63.59,63.59,63.59,63.59,466
2019-04-29 16:15:00,63.49,63.49,63.49,63.49,43892
2019-04-29 16:00:00,63.435,63.52,63.29,63.49,157683
2019-04-29 15:45:00,63.46,63.49,63.4,63.435,38608
2019-04-29 15:30:00,63.575,63.63,63.44,63.46,43194
2019-04-29 15:15:00,63.51,63.58,63.45,63.57,31337
2019-04-29 15:00:00,63.48,63.55,63.39,63.48,36517
2019-04-29 14:45:00,63.49,63.505,63.29,63.475,48236
2019-04-29 14:30:00,63.62,63.74,63.49,63.49,53816
2019-04-29 14:15:00,63.6,63.7,63.57,63.62,32467
2019-04-29 14:00:00,63.57,63.67,63.55,63.59,25302
2019-04-29 13:45:00,63.75,63.77,63.55,63.55,27337
2019-04-29 13:30:00,63.73,63.8,63.7,63.76,22159
2019-04-29 13:15:00,63.71,63.82,63.66,63.74,26485
2019-04-29 13:00:00,63.665,63.73,63.65,63.71,21311
2019-04-29 12:45:00,63.75,63.76,63.62,63.66,21823
2019-04-29 12:30:00,63.62,63.78,63.57,63.74,26325
2019-04-29 12:15:00,63.44,63.63,63.44,63.62,33315
2019-04-29 12:00:00,63.645,63.7,63.45,63.47,27700
2019-04-29 11:45:00,63.7,63.74,63.61,63.635,31177
2019-04-29 11:30:00,63.61,63.7,63.49,63.7,38493
2019-04-29 11:15:00,63.46,63.59,63.41,63.59,67613
2019-04-29 11:00:00,63.46,63.535,63.37,63.46,55524
2019-04-29 10:45:00,63.5,63.63,63.42,63.48,65283
2019-04-29 10:30:00,63.46,63.53,63.39,63.5,51831
2019-04-29 10:15:00,63.48,63.63,63.36,63.45,99127
2019-04-29 10:00:00,64.53,64.55,63.42,63.48,130898
2019-04-29 09:45:00,64.34,64.76,64.25,64.57,37306
2019-04-26 16:15:00,64.47,64.47,64.4,64.4,20227
2019-04-26 16:00:00,64.525,64.53,64.32,64.49,101412
2019-04-26 15:45:00,64.375,64.59,64.36,64.525,52654
2019-04-26 15:30:00,64.38,64.4,64.36,64.37,35121
2019-04-26 15:15:00,64.37,64.49,64.36,64.375,30479
2019-04-26 15:00:00,64.5,64.5,64.32,64.36,23671
2019-04-26 14:45:00,64.38,64.51,64.38,64.51,17034
2019-04-26 14:30:00,64.4,64.47,64.36,64.42,22335
2019-04-26 14:15:00,64.35,64.48,64.29,64.4,18853
2019-04-26 14:00:00,64.315,64.37,64.29,64.36,18706
2019-04-26 13:45:00,64.36,64.39,64.3,64.315,18170
2019-04-26 13:30:00,64.34,64.4,64.34,64.36,15350
2019-04-26 13:15:00,64.27,64.34,64.23,64.34,14770
2019-04-26 13:00:00,64.23,64.32,64.195,64.255,18818
2019-04-26 12:45:00,64.26,64.36,64.22,64.25,20050
2019-04-26 12:30:00,64.24,64.32,64.22,64.27,15739
2019-04-26 12:15:00,64.23,64.27,64.13,64.25,29815
2019-04-26 12:00:00,64.24,64.325,64.18,64.23,35734
2019-04-26 11:45:00,64.17,64.25,64.12,64.25,21813
2019-04-26 11:30:00,64.15,64.2701,64.13,64.18,18693
2019-04-26 11:15:00,64.25,64.25,64.055,64.14,21090
2019-04-26 11:00:00,64.41,64.42,64.2,64.21,13698
2019-04-26 10:45:00,64.38,64.44,64.32,64.4,10786
2019-04-26 10:30:00,64.22,64.38,64.09,64.36,20445
2019-04-26 10:15:00,64.41,64.5,64.23,64.23,10726
2019-04-26 10:00:00,64.43,64.46,64.13,64.3,15852
2019-04-26 09:45:00,64.07,64.75,64.07,64.47,44011
2019-04-26 09:30:00,64.33,64.33,64.33,64.33,428
2019-04-25 16:30:00,63.82,63.82,63.82,63.82,2412
2019-04-25 16:15:00,63.78,63.82,63.78,63.82,10585
2019-04-25 16:00:00,63.885,63.9,63.785,63.88,143937
2019-04-25 15:45:00,63.85,64.0,63.8,63.89,69986
2019-04-25 15:30:00,63.76,63.85,63.7538,63.85,44905
2019-04-25 15:15:00,63.84,63.87,63.75,63.76,22404
2019-04-25 15:00:00,63.895,63.91,63.82,63.845,19892
2019-04-25 14:45:00,63.85,63.99,63.825,63.9,37178
2019-04-25 14:30:00,63.74,63.87,63.735,63.85,25854
2019-04-25 14:15:00,63.7,63.78,63.7,63.7,28701
2019-04-25 14:00:00,63.81,63.81,63.66,63.715,18934
2019-04-25 13:45:00,63.805,63.875,63.79,63.826,16059
2019-04-25 13:30:00,63.73,63.82,63.73,63.8,11830
2019-04-25 13:15:00,63.83,63.83,63.7,63.76,11785
2019-04-25 13:00:00,63.58,63.84,63.53,63.83,62688
2019-04-25 12:45:00,63.63,63.68,63.52,63.56,97666
2019-04-25 12:30:00,63.81,63.84,63.63,63.64,20969
2019-04-25 12:15:00,63.81,63.87,63.77,63.8,17241
2019-04-25 12:00:00,64.08,64.12,63.8,63.815,21764
2019-04-25 11:45:00,63.855,64.11,63.855,64.045,29104
2019-04-25 11:30:00,63.69,63.95,63.59,63.83,19204
2019-04-25 11:15:00,63.6,63.76,63.6,63.73,19334
2019-04-25 11:00:00,63.53,63.6,63.47,63.6,21173
2019-04-25 10:45:00,63.26,63.51,63.19,63.51,30903
2019-04-25 10:30:00,63.19,63.45,63.1676,63.29,30527
2019-04-25 10:15:00,63.78,63.8,63.14,63.14,47561
2019-04-25 10:00:00,63.16,63.76,62.94,63.73,56939
2019-04-25 09:45:00,63.78,63.95,62.985,63.03,44225
2019-04-25 09:30:00,63.75,63.75,63.75,63.75,457
2019-04-25 08:15:00,63.9,63.9,63.9,63.9,100
2019-04-24 18:00:00,64.18,64.18,64.18,64.18,1948
2019-04-24 16:15:00,64.18,64.18,64.18,64.18,17493
2019-04-24 16:00:00,64.26,64.29,64.1,64.18,123568
2019-04-24 15:45:00,64.28,64.29,64.14,64.25,47960
2019-04-24 15:30:00,64.26,64.31,64.23,64.29,35411
2019-04-24 15:15:00,64.26,64.32,64.25,64.265,35950
2019-04-24 15:00:00,64.17,64.28,64.12,64.26,27072
2019-04-24 14:45:00,64.1402,64.18,64.09,64.18,24552
2019-04-24 14:30:00,64.26,64.28,64.13,64.13,22901
2019-04-24 14:15:00,64.51,64.51,64.19,64.27,29821
2019-04-24 14:00:00,64.405,64.56,64.35,64.56,39112
2019-04-24 13:45:00,64.19,64.42,64.19,64.42,19572
2019-04-24 13:30:00,64.07,64.18,64.03,64.17,36639
2019-04-24 13:15:00,64.18,64.21,64.07,64.07,18742
2019-04-24 13:00:00,64.35,64.355,64.13,64.19,35425
2019-04-24 12:45:00,64.495,64.52,64.33,64.355,39719
2019-04-24 12:30:00,64.27,64.51,64.2,64.51,21814
2019-04-24 12:15:00,64.16,64.33,64.14,64.255,59227
2019-04-24 12:00:00,63.99,64.31,63.99,64.16,48787
2019-04-24 11:45:00,63.8,64.06,63.8,64.0,28935
2019-04-24 11:30:00,63.78,63.89,63.74,63.81,30685
2019-04-24 11:15:00,63.53,63.77,63.44,63.77,34518
2019-04-24 11:00:00,63.4,63.59,63.4,63.52,19648
2019-04-24 10:45:00,63.51,63.57,63.39,63.41,17205
2019-04-24 10:30:00,63.5,63.51,63.46,63.51,13960
2019-04-24 10:15:00,63.22,63.5,63.19,63.5,25100
2019-04-24 10:00:00,63.435,63.46,63.03,63.23,33273
2019-04-24 09:45:00,63.2,63.51,63.2,63.42,49337
2019-04-23 16:15:00,63.26,63.26,63.26,63.26,5664
2019-04-23 16:00:00,63.24,63.32,63.2189,63.25,135691
2019-04-23 15:45:00,63.275,63.28,63.17,63.25,60788
2019-04-23 15:30:00,63.27,63.32,63.21,63.27,59072
2019-04-23 15:15:00,63.08,63.26,62.92,63.26,66332
2019-04-23 15:00:00,63.34,63.39,63.06,63.08,38279
2019-04-23 14:45:00,63.385,63.4,63.32,63.35,24353
2019-04-23 14:30:00,63.44,63.45,63.3812,63.385,26441
2019-04-23 14:15:00,63.275,63.44,63.26,63.43,25592
2019-04-23 14:00:00,63.27,63.39,63.26,63.26,29422
2019-04-23 13:45:00,63.24,63.33,63.24,63.27,14704
2019-04-23 13:30:00,63.195,63.3,63.18,63.24,38045
2019-04-23 13:15:00,63.145,63.25,63.145,63.2,15078
2019-04-23 13:00:00,63.09,63.16,63.06,63.14,16827
2019-04-23 12:45:00,63.09,63.13,63.04,63.075,17942
2019-04-23 12:30:00,63.02,63.14,63.0,63.12,26230
2019-04-23 12:15:00,63.02,63.05,62.93,63.03,30783
2019-04-23 12:00:00,62.99,63.04,62.91,63.01,42986
2019-04-23 11:45:00,63.13,63.18,62.94,62.99,27146
2019-04-23 11:30:00,63.05,63.34,63.05,63.15,30441
2019-04-23 11:15:00,63.2,63.435,63.01,63.07,84292
2019-04-23 11:00:00,63.02,63.24,63.01,63.18,34446
2019-04-23 10:45:00,62.74,63.1,62.74,63.03,83014
2019-04-23 10:30:00,62.53,62.75,62.396,62.71,50904
2019-04-23 10:15:00,62.07,62.67,62.03,62.53,94608
2019-04-23 10:00:00,62.19,62.21,61.94,62.06,92963
2019-04-23 09:45:00,61.32,62.32,61.05,62.18,172126
2019-04-23 09:30:00,60.78,60.78,60.49,60.49,328
2019-04-22 16:15:00,61.4,61.4,61.4,61.4,15542
2019-04-22 16:00:00,61.46,61.58,61.36,61.4,167874
2019-04-22 15:45:00,61.49,61.52,61.42,61.4528,51789
2019-04-22 15:30:00,61.565,61.57,61.48,61.48,42837
2019-04-22 15:15:00,61.61,61.665,61.55,61.56,80781
2019-04-22 15:00:00,61.72,61.72,61.61,61.62,23259
2019-04-22 14:45:00,61.7814,61.7814,61.67,61.72,22199
2019-04-22 14:30:00,61.905,61.905,61.73,61.755,23929
2019-04-22 14:15:00,61.81,61.91,61.73,61.905,38515
2019-04-22 14:00:00,61.835,61.88,61.8,61.8,13972
2019-04-22 13:45:00,61.83,61.8899,61.78,61.84,15324
2019-04-22 13:30:00,61.87,61.97,61.8,61.84,24467
2019-04-22 13:15:00,62.065,62.065,61.87,61.87,17678
2019-04-22 13:00:00,61.915,62.17,61.84,62.04,29726
2019-04-22 12:45:00,61.97,62.01,61.9,61.92,21767
2019-04-22 12:30:00,61.85,61.97,61.85,61.97,20643
2019-04-22 12:15:00,62.04,62.07,61.86,61.86,27583
2019-04-22 12:00:00,62.015,62.11,62.0,62.06,41103
2019-04-22 11:45:00,61.7,62.045,61.7,62.02,31085
2019-04-22 11:30:00,61.79,61.87,61.68,61.7,33284
2019-04-22 11:15:00,61.9,61.95,61.76,61.81,29680
2019-04-22 11:00:00,62.0,62.1,61.86,61.88,39047
2019-04-22 10:45:00,62.21,62.27,61.87,61.955,33828
2019-04-22 10:30:00,62.16,62.24,62.0,62.19,24481
2019-04-22 10:15:00,62.5,62.69,62.1,62.15,73546
2019-04-22 10:00:00,62.0,62.5,61.85,62.5,66315
2019-04-22 09:45:00,61.33,62.0,61.2484,61.99,32763
