time,open,high,low,close,volume
2019-05-17 20:00:00,1870.44,1871.0,1870.44,1870.98,1802
2019-05-17 19:45:00,1870.45,1870.45,1870.45,1870.45,100
2019-05-17 19:30:00,1870.44,1870.44,1870.3,1870.3,403
2019-05-17 19:00:00,1870.29,1870.29,1870.29,1870.29,338
2019-05-17 18:45:00,1870.39,1870.39,1870.39,1870.39,160
2019-05-17 18:30:00,1870.44,1870.44,1870.44,1870.44,1002
2019-05-17 18:00:00,1869.7,1870.5,1869.7,1870.5,1067
2019-05-17 17:45:00,1870.5,1870.5,1870.5,1870.5,229
2019-05-17 17:30:00,1870.44,1870.44,1870.2,1870.2,645
2019-05-17 17:15:00,1870.1,1870.1,1869.65,1869.65,1484
2019-05-17 17:00:00,1869.22,1870.07,1869.2,1869.75,12987
2019-05-17 16:45:00,1869.5,1870.0,1869.02,1869.5,10006
2019-05-17 16:30:00,1868.8,1870.84,1868.8,1869.5,17208
2019-05-17 16:15:00,1869.0,1870.42,1867.98,1868.0,50414
2019-05-17 16:00:00,1873.15,1874.5853,1867.33,1867.99,615435
2019-05-17 15:45:00,1882.0,1882.2,1870.46,1873.2926,355529
2019-05-17 15:30:00,1885.6,1886.34,1879.33,1882.4,263835
2019-05-17 15:15:00,1894.92,1895.2,1885.0,1886.7,246924
2019-05-17 15:00:00,1895.3,1895.8769,1892.44,1895.3525,83501
2019-05-17 14:45:00,1895.22,1895.81,1893.4460000000001,1895.215,91944
2019-05-17 14:30:00,1896.76,1897.44,1894.01,1895.63,77416
2019-05-17 14:15:00,1897.84,1899.5,1894.5931,1896.7684,77467
2019-05-17 14:00:00,1898.8,1899.0,1896.7953,1897.66,48979
2019-05-17 13:45:00,1897.955,1899.46,1895.31,1898.0985,73100
2019-05-17 13:30:00,1899.86,1902.99,1897.5,1897.5,76805
2019-05-17 13:15:00,1900.1,1901.4,1897.77,1899.91,39868
2019-05-17 13:00:00,1900.8352,1901.0,1897.99,1900.049,65439
2019-05-17 12:45:00,1896.6773,1901.7899,1895.16,1900.8464,76745
2019-05-17 12:30:00,1894.6,1898.5,1894.21,1897.49,140311
2019-05-17 12:15:00,1900.03,1901.0,1894.4348,1894.4348,97469
2019-05-17 12:00:00,1898.6981,1901.66,1896.97,1900.6246,85718
2019-05-17 11:45:00,1903.77,1903.8,1897.29,1898.85,106892
2019-05-17 11:30:00,1907.14,1908.0,1903.0,1903.5639,117429
2019-05-17 11:15:00,1906.95,1910.53,1905.4293,1906.33,179101
2019-05-17 11:00:00,1896.8286,1908.12,1896.12,1907.0,222442
2019-05-17 10:45:00,1897.75,1899.8,1894.25,1896.6549,115911
2019-05-17 10:30:00,1889.97,1899.2195,1889.5,1897.54,160490
2019-05-17 10:15:00,1893.315,1896.57,1889.53,1890.43,151406
2019-05-17 10:00:00,1898.07,1901.18,1887.01,1892.54,310238
2019-05-17 09:45:00,1893.05,1901.2320000000002,1888.02,1896.935,503441
2019-05-17 09:30:00,1889.0943,1893.04,1889.02,1893.04,7140
2019-05-17 09:15:00,1891.5,1891.96,1889.0577,1891.0,9076
2019-05-17 09:00:00,1892.5,1893.0,1891.0,1891.0,4634
2019-05-17 08:45:00,1888.04,1894.99,1887.0,1892.5,5740
2019-05-17 08:30:00,1887.2366,1889.0,1887.2366,1889.0,1313
2019-05-17 08:15:00,1893.0,1896.7482,1886.0,1888.0,12807
2019-05-17 08:00:00,1892.07,1892.07,1890.0,1891.5,2374
2019-05-17 07:45:00,1892.0,1893.84,1892.0,1892.44,1958
2019-05-17 07:30:00,1892.88,1894.0,1892.88,1893.0,635
2019-05-17 07:15:00,1895.0,1896.41,1891.41,1893.0,6686
2019-05-17 07:00:00,1894.0,1894.0,1894.0,1894.0,203
2019-05-17 05:45:00,1897.71,1897.71,1897.71,1897.71,481
2019-05-17 05:15:00,1893.91,1893.91,1893.91,1893.91,300
2019-05-17 05:00:00,1896.01,1896.01,1896.01,1896.01,232
2019-05-17 04:15:00,1906.85,1906.85,1900.1,1900.1,829
2019-05-16 20:00:00,1907.25,1907.88,1907.25,1907.5,1580
2019-05-16 19:45:00,1906.55,1907.0,1906.55,1907.0,333
2019-05-16 19:30:00,1906.59,1906.59,1906.59,1906.59,159
2019-05-16 18:45:00,1906.47,1906.47,1906.47,1906.47,263
2019-05-16 18:30:00,1907.0,1907.0,1907.0,1907.0,150
2019-05-16 18:00:00,1906.79,1906.79,1906.0,1906.0,1064
2019-05-16 17:45:00,1907.0,1907.8,1907.0,1907.8,1508
2019-05-16 17:30:00,1907.0,1907.0,1907.0,1907.0,101
2019-05-16 17:00:00,1907.0,1907.57,1905.77,1905.77,3294
2019-05-16 16:45:00,1907.0,1907.57,1906.84,1906.98,27028
2019-05-16 16:30:00,1906.24,1907.57,1906.24,1907.0,8032
2019-05-16 16:15:00,1907.57,1907.98,1906.0,1906.5,28128
2019-05-16 16:00:00,1904.29,1907.86,1902.94,1907.86,295204
2019-05-16 15:45:00,1906.46,1906.58,1903.15,1904.85,126506
2019-05-16 15:30:00,1902.6675,1906.5468,1902.24,1906.5,92878
2019-05-16 15:15:00,1906.18,1906.18,1901.65,1902.75,96505
2019-05-16 15:00:00,1908.78,1910.005,1903.405,1906.68,98121
2019-05-16 14:45:00,1907.715,1910.0088,1907.715,1908.5392,91606
2019-05-16 14:30:00,1904.1205,1908.0,1904.1205,1907.91,85314
2019-05-16 14:15:00,1904.0,1905.4433,1902.03,1903.52,75628
2019-05-16 14:00:00,1903.26,1905.48,1900.26,1904.08,116193
2019-05-16 13:45:00,1906.1532,1907.1,1903.02,1903.1949,65011
2019-05-16 13:30:00,1905.9389,1907.5,1905.31,1906.4,60089
2019-05-16 13:15:00,1906.23,1907.545,1902.0,1905.9575,136706
2019-05-16 13:00:00,1907.0405,1908.0,1904.27,1906.025,176133
2019-05-16 12:45:00,1911.65,1912.19,1906.865,1907.145,141536
2019-05-16 12:30:00,1913.2,1914.18,1911.63,1911.705,52063
2019-05-16 12:15:00,1915.0859,1915.3577,1911.0,1912.64,96086
2019-05-16 12:00:00,1915.0,1916.41,1912.89,1914.9641,114511
2019-05-16 11:45:00,1913.39,1915.0,1912.0,1915.0,104562
2019-05-16 11:30:00,1912.5,1914.53,1912.47,1913.14,90021
2019-05-16 11:15:00,1913.5529999999999,1915.24,1910.87,1912.195,135354
2019-05-16 11:00:00,1914.75,1916.5,1910.78,1914.08,168358
2019-05-16 10:45:00,1915.95,1917.51,1913.29,1915.11,191903
2019-05-16 10:30:00,1909.01,1916.84,1909.01,1916.739,267106
2019-05-16 10:15:00,1906.01,1911.41,1903.76,1909.15,277679
2019-05-16 10:00:00,1902.85,1909.81,1901.0,1906.0,420530
2019-05-16 09:45:00,1885.94,1904.34,1882.29,1903.1809,683221
2019-05-16 09:30:00,1883.12,1886.0,1880.61,1885.79,14243
2019-05-16 09:15:00,1884.89,1884.89,1882.2,1883.79,7879
2019-05-16 09:00:00,1884.0,1885.5,1883.04,1884.89,7995
2019-05-16 08:45:00,1884.5,1886.9655,1884.19,1885.45,13827
2019-05-16 08:30:00,1881.3886,1883.0,1880.99,1883.0,5599
2019-05-16 08:15:00,1884.54,1891.0,1882.0,1882.34,23579
2019-05-16 08:00:00,1886.93,1886.93,1885.0,1886.89,3026
2019-05-16 07:45:00,1888.9,1888.95,1885.13,1888.04,7710
2019-05-16 07:30:00,1888.0,1888.89,1887.65,1888.4,3462
2019-05-16 07:15:00,1886.0,1891.19,1885.0,1889.5,9647
2019-05-16 07:00:00,1886.35,1886.35,1886.35,1886.35,245
2019-05-16 06:45:00,1883.9,1883.9,1883.9,1883.9,104
2019-05-16 06:00:00,1880.0,1880.0,1879.04,1879.04,628
2019-05-16 05:45:00,1877.05,1877.05,1877.05,1877.05,201
2019-05-16 05:00:00,1869.34,1869.34,1869.34,1869.34,100
2019-05-16 04:30:00,1866.84,1866.84,1866.84,1866.84,100
2019-05-16 04:15:00,1865.0,1865.0,1865.0,1865.0,950
2019-05-15 20:00:00,1873.0,1873.0,1873.0,1873.0,684
2019-05-15 19:45:00,1873.0,1873.5,1873.0,1873.5,467
2019-05-15 18:45:00,1874.0,1874.0,1873.5,1873.5,6244
2019-05-15 18:30:00,1873.58,1873.58,1873.58,1873.58,170
2019-05-15 18:00:00,1874.0,1874.0,1874.0,1874.0,153
2019-05-15 17:45:00,1871.16,1874.8,1871.16,1874.8,801
2019-05-15 17:30:00,1874.0,1874.0,1874.0,1874.0,738
2019-05-15 17:15:00,1875.05,1875.69,1874.0,1874.0,1288
2019-05-15 17:00:00,1877.0,1877.0,1874.1,1875.7,4420
2019-05-15 16:45:00,1873.0,1876.0,1871.15,1876.0,8666
2019-05-15 16:30:00,1871.9,1872.91,1871.15,1872.89,2963
2019-05-15 16:15:00,1871.15,1872.72,1825.5791,1872.0,40147
2019-05-15 16:00:00,1872.44,1873.63,1869.0,1871.12,269420
2019-05-15 15:45:00,1872.15,1873.4771,1870.23,1872.713,130578
2019-05-15 15:30:00,1870.47,1874.02,1869.12,1872.0671,117306
2019-05-15 15:15:00,1868.39,1871.1344,1868.1325,1870.01,83246
2019-05-15 15:00:00,1871.315,1873.6299,1868.06,1868.64,98223
2019-05-15 14:45:00,1872.41,1873.75,1870.81,1871.1045,102473
2019-05-15 14:30:00,1872.11,1874.4270000000001,1871.0,1872.3081,88228
2019-05-15 14:15:00,1869.12,1872.74,1868.28,1872.2312,86184
2019-05-15 14:00:00,1867.535,1870.4460000000001,1867.0,1868.81,108127
2019-05-15 13:45:00,1864.47,1869.9,1864.15,1867.5236,170334
2019-05-15 13:30:00,1864.47,1864.85,1862.22,1864.5344,64022
2019-05-15 13:15:00,1858.86,1864.615,1858.4,1864.1185,99526
2019-05-15 13:00:00,1863.18,1864.69,1857.3072,1859.19,123786
2019-05-15 12:45:00,1863.91,1864.47,1860.8,1862.9311,80972
2019-05-15 12:30:00,1862.4,1864.13,1860.5,1863.73,100154
2019-05-15 12:15:00,1859.51,1864.94,1859.0788,1862.5203,171652
2019-05-15 12:00:00,1858.0,1859.98,1857.0,1858.94,198510
2019-05-15 11:45:00,1859.0,1859.39,1855.0,1858.0147,167002
2019-05-15 11:30:00,1851.26,1859.25,1849.6042,1858.5739,198116
2019-05-15 11:15:00,1850.63,1851.905,1845.0,1851.49,138280
2019-05-15 11:00:00,1848.5975,1852.9,1847.47,1850.4157,169445
2019-05-15 10:45:00,1843.5,1849.61,1842.2563,1848.51,239775
2019-05-15 10:30:00,1839.9513,1846.89,1830.0,1844.8693,317928
2019-05-15 10:15:00,1829.78,1840.0,1828.01,1839.785,279487
2019-05-15 10:00:00,1825.9072,1834.4,1824.0,1829.78,298576
2019-05-15 09:45:00,1827.95,1833.495,1823.0,1826.22,452843
2019-05-15 09:30:00,1823.03,1827.95,1822.5,1827.95,5914
2019-05-15 09:15:00,1827.0,1827.06,1824.71,1824.71,2477
2019-05-15 09:00:00,1824.0,1827.0,1823.61,1827.0,5986
2019-05-15 08:45:00,1829.16,1829.28,1824.0,1824.0,11322
2019-05-15 08:30:00,1830.317,1832.0,1830.0,1830.11,10419
2019-05-15 08:15:00,1839.0501,1841.25,1829.13,1830.0,10946
2019-05-15 08:00:00,1838.38,1838.38,1835.12,1836.1,1312
2019-05-15 07:45:00,1840.74,1840.74,1838.86,1840.0,1818
2019-05-15 07:30:00,1839.5,1841.0,1839.5,1841.0,944
2019-05-15 07:15:00,1838.75,1840.5,1838.75,1840.25,807
2019-05-15 06:45:00,1836.79,1836.79,1836.79,1836.79,119
2019-05-15 06:30:00,1839.0,1839.0,1839.0,1839.0,218
2019-05-15 06:15:00,1839.45,1840.9,1839.45,1840.9,411
2019-05-15 05:45:00,1840.04,1840.04,1840.04,1840.04,120
2019-05-15 05:00:00,1844.78,1844.78,1844.78,1844.78,244
2019-05-15 04:45:00,1844.25,1844.25,1844.25,1844.25,1043
2019-05-15 04:30:00,1844.25,1844.25,1844.25,1844.25,298
2019-05-15 04:15:00,1845.0,1845.5,1845.0,1845.5,990
2019-05-14 20:00:00,1840.5,1841.12,1840.5,1841.12,1003
2019-05-14 19:45:00,1840.25,1841.0,1840.0,1841.0,1048
2019-05-14 18:45:00,1840.0,1841.12,1840.0,1841.12,609
2019-05-14 18:15:00,1838.12,1839.9,1838.12,1839.9,402
2019-05-14 18:00:00,1839.04,1839.68,1839.0,1839.68,2356
2019-05-14 17:45:00,1839.2,1839.2,1839.2,1839.2,100
2019-05-14 17:30:00,1839.88,1839.89,1839.85,1839.85,4371
2019-05-14 17:15:00,1839.88,1840.12,1839.12,1839.88,1222
2019-05-14 17:00:00,1840.13,1840.13,1839.95,1839.95,452
2019-05-14 16:45:00,1841.09,1841.09,1841.09,1841.09,137
2019-05-14 16:30:00,1840.45,1841.0,1839.05,1841.0,14268
2019-05-14 16:15:00,1840.12,1840.74,1838.6,1840.44,22285
2019-05-14 16:00:00,1842.35,1845.0,1839.57,1840.05,283362
2019-05-14 15:45:00,1845.5148,1845.5148,1839.05,1842.41,183220
2019-05-14 15:30:00,1846.14,1847.921,1843.7135,1845.61,95048
2019-05-14 15:15:00,1844.5,1847.37,1843.02,1846.2012,95660
2019-05-14 15:00:00,1848.4042,1848.79,1840.61,1844.5864,102630
2019-05-14 14:45:00,1846.24,1848.97,1845.53,1848.39,43135
2019-05-14 14:30:00,1843.56,1847.82,1842.8668,1846.3757,77391
2019-05-14 14:15:00,1847.305,1847.46,1841.78,1843.905,114255
2019-05-14 14:00:00,1849.265,1850.15,1847.255,1847.77,81783
2019-05-14 13:45:00,1851.0,1851.4884,1848.33,1849.1009,70137
2019-05-14 13:30:00,1849.9499,1852.44,1848.72,1850.7949,147846
2019-05-14 13:15:00,1845.77,1850.84,1845.77,1849.8502,109018
2019-05-14 13:00:00,1845.0799,1848.2,1844.3993,1845.5213,87276
2019-05-14 12:45:00,1842.1168,1844.97,1841.01,1844.69,77565
2019-05-14 12:30:00,1847.8403,1847.8403,1841.21,1842.0693,129933
2019-05-14 12:15:00,1845.6356,1850.9,1845.6356,1847.76,149255
2019-05-14 12:00:00,1847.45,1849.61,1844.9438,1845.65,133631
2019-05-14 11:45:00,1843.42,1849.85,1843.42,1847.0,192743
2019-05-14 11:30:00,1841.3499,1845.9383,1839.82,1843.8,182788
2019-05-14 11:15:00,1835.3,1841.41,1831.57,1840.95,183516
2019-05-14 11:00:00,1834.66,1835.99,1830.57,1835.2033,113447
2019-05-14 10:45:00,1835.7783,1837.22,1831.01,1834.1428,149410
2019-05-14 10:30:00,1831.24,1838.0,1830.7814,1835.04,217294
2019-05-14 10:15:00,1825.0,1832.7,1825.0,1831.4596,203587
2019-05-14 10:00:00,1832.13,1832.5,1815.75,1824.355,473824
2019-05-14 09:45:00,1839.5,1839.99,1826.924,1831.6521,518662
2019-05-14 09:30:00,1840.5,1840.51,1836.92,1839.9,9965
2019-05-14 09:15:00,1844.0,1845.0,1840.05,1840.9252,12547
2019-05-14 09:00:00,1842.0,1844.8,1841.9999,1844.0,9571
2019-05-14 08:45:00,1842.0,1842.8356,1839.27,1842.0,11818
2019-05-14 08:30:00,1844.02,1844.91,1839.01,1843.0,10609
2019-05-14 08:15:00,1842.4,1847.3775,1841.0738,1844.9599,16556
2019-05-14 08:00:00,1844.06,1845.0,1843.0,1845.0,5743
2019-05-14 07:45:00,1846.5,1846.5,1844.0,1845.0,3383
2019-05-14 07:30:00,1843.9,1847.5,1843.9,1847.02,8834
2019-05-14 07:15:00,1842.69,1843.31,1841.6,1842.2,6221
2019-05-14 07:00:00,1846.5,1846.5,1843.82,1844.38,1944
2019-05-14 06:45:00,1844.88,1844.88,1844.88,1844.88,307
2019-05-14 06:15:00,1842.0,1844.2,1842.0,1843.75,815
2019-05-14 05:45:00,1842.19,1842.19,1842.19,1842.19,202
2019-05-14 05:30:00,1839.0,1839.0,1839.0,1839.0,360
2019-05-14 05:15:00,1837.5,1837.5,1837.5,1837.5,110
2019-05-14 05:00:00,1834.79,1835.0,1834.79,1835.0,730
2019-05-14 04:15:00,1837.11,1839.77,1834.95,1834.95,1971
2019-05-13 20:00:00,1819.2,1819.2,1816.0,1816.43,2930
2019-05-13 19:45:00,1819.0,1819.0,1819.0,1819.0,121
2019-05-13 19:30:00,1821.0,1821.0,1821.0,1821.0,2093
2019-05-13 19:15:00,1820.0,1820.95,1820.0,1820.95,675
2019-05-13 19:00:00,1818.56,1820.0,1818.4,1820.0,1712
2019-05-13 18:45:00,1819.0,1819.0,1819.0,1819.0,558
2019-05-13 18:30:00,1818.45,1822.68,1818.03,1818.03,24945
2019-05-13 18:15:00,1818.0,1818.0,1817.45,1817.45,1593
2019-05-13 18:00:00,1818.3,1818.3,1818.25,1818.26,518
2019-05-13 17:15:00,1819.01,1819.01,1819.01,1819.01,408
2019-05-13 17:00:00,1818.0,1831.2532010000002,1818.0,1819.49,3907
2019-05-13 16:45:00,1819.5,1819.5,1818.25,1818.5,1413
2019-05-13 16:30:00,1823.6006100000002,1823.6006100000002,1818.5,1818.5,5024
2019-05-13 16:15:00,1822.68,1823.52,1820.22,1821.21,45683
2019-05-13 16:00:00,1822.44,1824.99,1819.1,1822.62,484780
2019-05-13 15:45:00,1823.775,1824.6545,1818.0,1822.0,235204
2019-05-13 15:30:00,1828.81,1830.5417,1822.73,1824.07,143979
2019-05-13 15:15:00,1835.0,1837.7634,1827.255,1828.4,154081
2019-05-13 15:00:00,1830.84,1838.89,1830.83,1835.03,119035
2019-05-13 14:45:00,1834.5,1836.0,1829.6,1830.7,128823
2019-05-13 14:30:00,1830.5299,1838.2,1829.0448,1833.755,143961
2019-05-13 14:15:00,1830.81,1837.31,1830.11,1830.83,204931
2019-05-13 14:00:00,1825.02,1832.49,1823.64,1831.2,128244
2019-05-13 13:45:00,1821.8099,1830.329,1821.8099,1825.485,148832
2019-05-13 13:30:00,1823.62,1827.5,1820.68,1821.94,130169
2019-05-13 13:15:00,1823.7,1824.5,1819.85,1823.8269,171475
2019-05-13 13:00:00,1824.55,1830.15,1823.7160000000001,1824.35,98572
2019-05-13 12:45:00,1823.07,1828.0,1820.65,1824.19,108209
2019-05-13 12:30:00,1825.4471,1827.715,1821.88,1823.1762,99354
2019-05-13 12:15:00,1829.99,1830.0,1824.59,1825.035,95599
2019-05-13 12:00:00,1827.325,1830.64,1823.0,1829.6,126527
2019-05-13 11:45:00,1829.8556,1833.0,1825.0,1826.92,128074
2019-05-13 11:30:00,1832.78,1834.81,1825.3,1829.2508,151432
2019-05-13 11:15:00,1831.8570000000002,1835.235,1829.26,1833.5847,128443
2019-05-13 11:00:00,1840.0,1840.0,1830.0,1832.6,108205
2019-05-13 10:45:00,1826.8501,1842.5,1824.05,1839.98,235486
2019-05-13 10:30:00,1828.0,1835.75,1823.4,1828.0,241238
2019-05-13 10:15:00,1829.62,1830.37,1822.1,1827.639,272551
2019-05-13 10:00:00,1840.8272,1843.97,1825.0,1830.54,388106
2019-05-13 09:45:00,1836.56,1846.535,1818.0,1841.52,940249
2019-05-13 09:30:00,1839.21,1840.0,1836.08,1836.08,12749
2019-05-13 09:15:00,1837.5,1841.0,1834.88,1840.0,15451
2019-05-13 09:00:00,1837.0,1838.8968,1836.4,1837.11,7497
2019-05-13 08:45:00,1837.0,1838.9638,1834.06,1838.18,17923
2019-05-13 08:30:00,1842.0,1843.384,1835.21,1837.95,25685
2019-05-13 08:15:00,1853.0,1854.69,1842.0,1842.0,29082
2019-05-13 08:00:00,1851.5,1852.79,1848.03,1849.0,13998
2019-05-13 07:45:00,1853.44,1853.52,1850.8,1852.0,4508
2019-05-13 07:30:00,1852.0,1853.32,1850.0,1851.75,6443
2019-05-13 07:15:00,1853.49,1855.49,1852.51,1852.51,4503
2019-05-13 07:00:00,1852.94,1852.94,1852.94,1852.94,117
2019-05-13 06:45:00,1853.13,1853.62,1853.13,1853.62,961
2019-05-13 06:15:00,1852.11,1855.0,1852.11,1855.0,1030
2019-05-13 06:00:00,1853.0,1853.5,1853.0,1853.5,625
2019-05-13 05:30:00,1852.15,1852.15,1851.0,1851.0,923
2019-05-13 05:15:00,1852.01,1854.0,1851.38,1854.0,1251
2019-05-13 04:45:00,1852.71,1852.71,1852.05,1852.05,520
2019-05-13 04:30:00,1849.99,1853.11,1849.99,1853.03,1624
2019-05-13 04:15:00,1851.88,1851.88,1849.0,1849.0,1514
2019-05-10 20:00:00,1889.15,1891.9,1888.6501,1891.54,1829
2019-05-10 19:45:00,1890.7,1890.7,1890.7,1890.7,510
2019-05-10 19:30:00,1890.77,1890.77,1890.77,1890.77,200
2019-05-10 19:15:00,1891.05,1891.05,1891.0,1891.0,227
2019-05-10 18:45:00,1891.74,1891.74,1891.74,1891.74,102
2019-05-10 18:15:00,1890.0,1890.97,1890.0,1890.97,565
2019-05-10 18:00:00,1889.99,1890.0,1889.99,1890.0,448
2019-05-10 17:30:00,1889.5,1889.5,1889.5,1889.5,173
2019-05-10 17:15:00,1890.46,1890.46,1890.46,1890.46,143
2019-05-10 17:00:00,1890.43,1890.43,1888.33,1888.33,910
2019-05-10 16:45:00,1889.36,1891.2,1889.36,1889.63,6523
2019-05-10 16:30:00,1889.98,1889.98,1888.75,1889.29,5466
2019-05-10 16:15:00,1889.98,1889.98,1888.1,1889.5,49260
2019-05-10 16:00:00,1886.58,1891.0,1884.58,1889.98,332450
2019-05-10 15:45:00,1900.21,1901.38,1882.2706,1886.4129,331255
2019-05-10 15:30:00,1890.0,1902.43,1888.41,1900.03,408296
2019-05-10 15:15:00,1885.62,1890.0,1885.54,1889.861,182211
2019-05-10 15:00:00,1881.5,1885.43,1881.47,1885.37,100581
2019-05-10 14:45:00,1878.2193,1883.17,1878.0,1881.4,79722
2019-05-10 14:30:00,1882.39,1882.59,1876.245,1878.39,114046
2019-05-10 14:15:00,1883.73,1886.7182,1882.39,1882.39,133307
2019-05-10 14:00:00,1878.0825,1885.0119,1877.925,1883.46,186290
2019-05-10 13:45:00,1875.8709,1879.47,1875.8709,1878.1674,69289
2019-05-10 13:30:00,1875.33,1880.44,1872.5410000000002,1875.97,153245
2019-05-10 13:15:00,1875.4,1878.51,1873.41,1875.066,127164
2019-05-10 13:00:00,1876.76,1876.8487,1870.18,1875.175,105403
2019-05-10 12:45:00,1874.24,1877.42,1872.5058,1876.97,143998
2019-05-10 12:30:00,1868.4361,1875.72,1868.4361,1874.54,210529
2019-05-10 12:15:00,1861.5698,1868.63,1861.5698,1868.31,165839
2019-05-10 12:00:00,1859.195,1866.01,1856.0,1861.8399,191009
2019-05-10 11:45:00,1863.83,1864.7,1857.0,1859.5420000000001,211611
2019-05-10 11:30:00,1866.14,1869.38,1863.01,1863.5984,150678
2019-05-10 11:15:00,1864.99,1870.6937,1862.65,1866.4,190115
2019-05-10 11:00:00,1865.395,1870.3821,1862.94,1865.335,208580
2019-05-10 10:45:00,1875.01,1875.01,1856.89,1865.4,407901
2019-05-10 10:30:00,1876.1671,1878.0,1871.0046,1875.41,279146
2019-05-10 10:15:00,1883.7,1883.98,1876.01,1876.01,274199
2019-05-10 10:00:00,1891.8418,1895.8,1883.88,1883.97,318912
2019-05-10 09:45:00,1898.0,1903.79,1890.71,1891.37,369084
2019-05-10 09:30:00,1898.14,1898.3,1894.5,1898.3,5534
2019-05-10 09:15:00,1892.0,1898.0,1892.0,1895.0,5598
2019-05-10 09:00:00,1891.0,1894.0,1891.0,1892.0,4129
2019-05-10 08:45:00,1889.84,1891.95,1887.11,1891.95,4584
2019-05-10 08:30:00,1890.98,1891.62,1889.0,1890.3,4628
2019-05-10 08:15:00,1899.95,1902.98,1886.01,1888.0,13936
2019-05-10 08:00:00,1895.26,1895.88,1893.0,1893.0,2557
2019-05-10 07:45:00,1896.06,1896.89,1895.5,1896.89,959
2019-05-10 07:30:00,1896.65,1896.98,1895.46,1896.98,7073
2019-05-10 07:15:00,1900.64,1902.59,1898.41,1899.02,5099
2019-05-10 07:00:00,1900.0,1900.0,1900.0,1900.0,248
2019-05-10 05:45:00,1905.0,1905.0,1904.0,1904.0,424
2019-05-10 05:30:00,1900.0,1903.0,1900.0,1903.0,707
2019-05-10 05:00:00,1897.22,1897.22,1896.39,1896.39,619
2019-05-10 04:45:00,1896.94,1897.0,1896.0,1897.0,813
2019-05-09 20:00:00,1899.45,1899.45,1897.0,1898.0,726
2019-05-09 19:45:00,1896.15,1896.15,1896.15,1896.15,100
2019-05-09 19:30:00,1894.6,1896.0,1894.6,1896.0,888
2019-05-09 19:15:00,1892.8,1892.8,1892.8,1892.8,263
2019-05-09 19:00:00,1893.0,1893.0,1893.0,1893.0,672
2019-05-09 18:45:00,1896.0,1896.0,1895.0,1895.0,654
2019-05-09 18:30:00,1897.5,1897.5,1896.0,1896.0,637
2019-05-09 18:15:00,1897.0,1898.29,1897.0,1898.29,1309
2019-05-09 18:00:00,1899.87,1899.87,1898.0,1898.0,40217
2019-05-09 17:30:00,1898.2,1898.2,1898.2,1898.2,269
2019-05-09 17:15:00,1898.5,1898.5,1898.5,1898.5,356
2019-05-09 17:00:00,1899.9182,1899.9182,1898.0,1898.0,605
2019-05-09 16:45:00,1899.5,1899.5,1899.5,1899.5,497
2019-05-09 16:15:00,1899.87,1901.5,1897.57,1899.67,68510
2019-05-09 16:00:00,1899.6,1901.89,1896.87,1900.01,283963
2019-05-09 15:45:00,1900.5104,1903.75,1899.28,1899.43,168880
2019-05-09 15:30:00,1895.61,1901.0514,1895.435,1900.41,100153
2019-05-09 15:15:00,1897.37,1898.0,1892.2148,1896.22,155550
2019-05-09 15:00:00,1905.02,1905.09,1897.37,1897.58,117045
2019-05-09 14:45:00,1903.77,1906.75,1903.7,1905.2621,91943
2019-05-09 14:30:00,1903.3646,1907.6,1902.66,1903.39,97995
2019-05-09 14:15:00,1904.39,1906.0,1901.231,1903.195,88540
2019-05-09 14:00:00,1903.7099,1908.7,1902.53,1904.2,141126
2019-05-09 13:45:00,1900.5043,1904.34,1898.79,1903.52,80883
2019-05-09 13:30:00,1902.06,1902.59,1896.231,1899.68,77984
2019-05-09 13:15:00,1902.4,1904.75,1898.14,1901.6670000000001,117788
2019-05-09 13:00:00,1898.65,1903.45,1895.5,1900.9967,146629
2019-05-09 12:45:00,1897.05,1909.4,1896.9113,1899.12,357337
2019-05-09 12:30:00,1890.19,1899.0,1888.09,1896.787,220703
2019-05-09 12:15:00,1889.48,1890.44,1885.0,1890.01,116793
2019-05-09 12:00:00,1883.11,1891.58,1883.0135,1889.34,185253
2019-05-09 11:45:00,1882.03,1886.0,1881.3022,1882.88,126059
2019-05-09 11:30:00,1885.0,1887.24,1880.21,1881.92,180130
2019-05-09 11:15:00,1877.57,1885.45,1877.3,1885.0,188013
2019-05-09 11:00:00,1881.376,1885.54,1877.0,1877.7432,188405
2019-05-09 10:45:00,1883.1,1886.22,1876.0,1881.5,247463
2019-05-09 10:30:00,1885.58,1889.07,1878.29,1883.7398,274350
2019-05-09 10:15:00,1887.74,1890.7,1884.0,1885.5484,246955
2019-05-09 10:00:00,1890.45,1892.34,1880.84,1888.67,457727
2019-05-09 09:45:00,1900.0,1904.98,1890.35,1890.79,530672
2019-05-09 09:30:00,1901.4,1901.5,1899.29,1900.0,4068
2019-05-09 09:15:00,1900.2620000000002,1902.5,1899.1,1902.23,23255
2019-05-09 09:00:00,1903.0,1903.0,1900.15,1901.0,5929
2019-05-09 08:45:00,1904.2,1905.89,1903.0,1903.0,6879
2019-05-09 08:30:00,1902.9999,1905.9999,1902.9999,1904.5,3258
2019-05-09 08:15:00,1907.999,1908.817,1902.01,1902.6,10739
2019-05-09 08:00:00,1905.94,1905.95,1904.0,1904.0,2231
2019-05-09 07:45:00,1905.08,1905.08,1904.17,1904.21,1800
2019-05-09 07:30:00,1906.12,1907.0,1906.12,1907.0,694
2019-05-09 07:15:00,1906.04,1907.1,1906.04,1906.5,3400
2019-05-09 07:00:00,1904.0,1905.0,1904.0,1904.79,771
2019-05-09 06:45:00,1900.33,1900.33,1900.33,1900.33,211
2019-05-09 06:30:00,1899.04,1899.04,1899.04,1899.04,226
2019-05-09 06:15:00,1900.01,1900.01,1900.0,1900.0,747
2019-05-09 05:30:00,1901.23,1901.23,1901.23,1901.23,200
2019-05-09 05:15:00,1900.89,1901.99,1900.89,1901.99,405
2019-05-09 04:45:00,1897.72,1897.72,1897.72,1897.72,140
2019-05-09 04:30:00,1896.14,1896.14,1896.14,1896.14,177
2019-05-08 20:00:00,1915.0,1915.0,1914.5,1914.5,1013
2019-05-08 19:45:00,1915.5,1915.5,1915.09,1915.09,594
2019-05-08 19:15:00,1915.0,1915.0,1915.0,1915.0,275
2019-05-08 19:00:00,1915.5,1915.5,1915.5,1915.5,100
2019-05-08 18:45:00,1914.5,1914.5,1914.06,1914.06,338
2019-05-08 18:30:00,1914.21,1915.9499,1914.21,1914.5,401
2019-05-08 18:00:00,1916.4,1917.77,1916.4,1917.77,595
2019-05-08 17:45:00,1917.0,1917.0,1917.0,1917.0,510
2019-05-08 17:30:00,1917.0,1917.0,1917.0,1917.0,145
2019-05-08 17:15:00,1916.99,1916.99,1916.99,1916.99,320
2019-05-08 17:00:00,1918.0,1918.07,1917.0,1917.0,9253
2019-05-08 16:45:00,1919.0,1919.0,1918.2,1918.2,465
2019-05-08 16:30:00,1917.7319,1920.0,1917.7319,1918.89,2462
2019-05-08 16:15:00,1917.77,1920.15,1917.6,1920.15,49469
2019-05-08 16:00:00,1925.94,1926.1,1915.9,1916.85,327128
2019-05-08 15:45:00,1930.9826,1931.18,1925.5,1925.52,107213
2019-05-08 15:30:00,1928.05,1931.69,1926.8,1930.86,116607
2019-05-08 15:15:00,1927.25,1929.6552,1926.87,1928.1760000000002,71454
2019-05-08 15:00:00,1928.88,1929.21,1926.18,1926.99,57247
2019-05-08 14:45:00,1927.65,1929.05,1926.11,1929.05,72463
2019-05-08 14:30:00,1922.8516,1928.74,1922.8516,1927.4852,77142
2019-05-08 14:15:00,1927.17,1927.17,1922.1,1922.475,66479
2019-05-08 14:00:00,1928.9116,1930.33,1926.5366,1927.1123,66192
2019-05-08 13:45:00,1929.12,1930.7915,1926.8978,1928.945,71245
2019-05-08 13:30:00,1929.15,1931.69,1927.4,1929.0,54737
2019-05-08 13:15:00,1932.97,1933.16,1928.17,1928.65,79845
2019-05-08 13:00:00,1928.5753,1933.44,1928.29,1932.43,150077
2019-05-08 12:45:00,1925.82,1928.5,1925.06,1928.5,51208
2019-05-08 12:30:00,1922.35,1926.75,1922.35,1926.15,60895
2019-05-08 12:15:00,1925.89,1926.5526,1921.39,1922.11,55647
2019-05-08 12:00:00,1923.26,1928.21,1923.21,1925.7,72655
2019-05-08 11:45:00,1929.9,1931.455,1922.0,1922.8,142559
2019-05-08 11:30:00,1933.5338,1934.98,1928.5020000000002,1930.16,148163
2019-05-08 11:15:00,1931.82,1935.37,1926.5376,1932.72,307575
2019-05-08 11:00:00,1921.135,1931.77,1920.0212,1931.7595,201190
2019-05-08 10:45:00,1918.26,1921.47,1913.81,1921.3235,132095
2019-05-08 10:30:00,1922.93,1925.07,1917.72,1917.72,152671
2019-05-08 10:15:00,1922.0,1926.0,1920.05,1922.585,163577
2019-05-08 10:00:00,1924.99,1930.5412,1916.21,1921.0,362576
2019-05-08 09:45:00,1918.87,1926.81,1910.0,1924.6,521895
2019-05-08 09:30:00,1916.11,1920.0,1915.7,1918.86,11069
2019-05-08 09:15:00,1920.0,1920.0,1916.02,1916.1,19576
2019-05-08 09:00:00,1908.5,1924.5,1907.07,1920.26,31041
2019-05-08 08:45:00,1913.0,1913.0,1909.0,1909.25,6378
2019-05-08 08:30:00,1912.0,1913.1,1911.5,1913.09,2419
2019-05-08 08:15:00,1916.0,1916.0,1907.08,1913.5,8356
2019-05-08 08:00:00,1910.45,1911.69,1908.74,1910.12,2121
2019-05-08 07:45:00,1911.97,1911.97,1911.0,1911.0,1423
2019-05-08 07:30:00,1909.5,1909.5,1907.02,1907.02,1648
2019-05-08 07:15:00,1917.0,1917.0,1910.05,1910.99,2806
2019-05-08 06:15:00,1913.47,1913.47,1913.47,1913.47,180
2019-05-08 06:00:00,1916.95,1916.95,1916.95,1916.95,211
2019-05-08 05:45:00,1921.01,1921.01,1921.01,1921.01,190
2019-05-08 05:30:00,1922.22,1922.22,1922.22,1922.22,289
2019-05-08 05:15:00,1926.42,1926.42,1924.45,1924.45,455
2019-05-08 05:00:00,1927.63,1927.63,1921.01,1921.01,516
2019-05-07 20:00:00,1917.9,1918.7,1917.26,1917.26,1209
2019-05-07 19:45:00,1917.55,1917.55,1917.55,1917.55,430
2019-05-07 19:30:00,1918.78,1918.78,1918.78,1918.78,332
2019-05-07 18:45:00,1918.12,1918.12,1918.12,1918.12,200
2019-05-07 18:30:00,1919.42,1919.42,1918.0,1918.0,1143
2019-05-07 18:15:00,1920.16,1920.16,1920.16,1920.16,226
2019-05-07 18:00:00,1921.55,1921.55,1921.25,1921.25,587
2019-05-07 17:30:00,1922.0,1922.0,1922.0,1922.0,999
2019-05-07 17:15:00,1922.55,1922.55,1922.55,1922.55,445
2019-05-07 17:00:00,1921.87,1921.87,1921.87,1921.87,495
2019-05-07 16:45:00,1922.73,1922.93,1921.0,1921.0,2651
2019-05-07 16:30:00,1923.0,1923.0,1922.0320000000002,1922.0320000000002,243
2019-05-07 16:15:00,1921.0,1923.0,1921.0,1923.0,44049
2019-05-07 16:00:00,1914.6716,1922.59,1911.47,1922.58,558073
2019-05-07 15:45:00,1907.65,1914.215,1905.0,1914.0,251196
2019-05-07 15:30:00,1914.9289999999999,1917.4956,1907.65,1907.8465,170177
2019-05-07 15:15:00,1910.5794,1916.8867,1905.81,1914.9226,229551
2019-05-07 15:00:00,1908.7065,1913.05,1903.3795,1910.84,264193
2019-05-07 14:45:00,1911.61,1912.92,1907.84,1908.62,206579
2019-05-07 14:30:00,1915.74,1919.5,1911.5749,1911.5749,182245
2019-05-07 14:15:00,1915.61,1919.31,1912.3305,1915.9967,162316
2019-05-07 14:00:00,1910.46,1917.8,1910.45,1915.8,178557
2019-05-07 13:45:00,1910.35,1914.96,1909.15,1910.84,158215
2019-05-07 13:30:00,1916.32,1916.32,1908.41,1910.8093,193002
2019-05-07 13:15:00,1919.95,1921.03,1913.5,1917.05,153307
2019-05-07 13:00:00,1920.88,1925.705,1919.99,1920.33,85732
2019-05-07 12:45:00,1926.18,1926.559,1920.43,1921.325,79206
2019-05-07 12:30:00,1919.65,1926.9,1919.3034,1925.781,87934
2019-05-07 12:15:00,1921.0,1923.86,1916.59,1919.24,126452
2019-05-07 12:00:00,1923.61,1926.4755,1918.42,1921.55,127860
2019-05-07 11:45:00,1925.36,1929.0,1921.76,1924.31,160433
2019-05-07 11:30:00,1924.96,1926.22,1920.0,1925.17,150358
2019-05-07 11:15:00,1920.31,1925.56,1912.03,1924.99,291673
2019-05-07 11:00:00,1923.41,1927.82,1919.0,1920.7073,179099
2019-05-07 10:45:00,1933.2271,1934.65,1923.0,1923.4372,209633
2019-05-07 10:30:00,1929.88,1936.3870000000002,1927.6,1934.529,222376
2019-05-07 10:15:00,1933.12,1934.63,1928.72,1929.895,294390
2019-05-07 10:00:00,1941.17,1942.77,1932.19,1933.58,349054
2019-05-07 09:45:00,1939.99,1949.1005,1938.0,1941.2620000000002,444255
2019-05-07 09:30:00,1936.0,1942.0,1934.0,1942.0,4926
2019-05-07 09:15:00,1938.02,1940.95,1933.13,1936.0,15638
2019-05-07 09:00:00,1943.0,1943.0,1938.88,1938.88,10233
2019-05-07 08:45:00,1940.79,1941.55,1939.8731,1940.0,4687
2019-05-07 08:30:00,1939.25,1941.0,1939.0,1941.0,1531
2019-05-07 08:15:00,1935.9705,1940.0,1932.9047,1939.25,19592
2019-05-07 08:00:00,1940.9,1943.03,1935.99,1935.99,11192
2019-05-07 07:45:00,1939.11,1941.0,1939.11,1941.0,1583
2019-05-07 07:30:00,1941.9,1941.9,1941.9,1941.9,125
2019-05-07 07:15:00,1939.73,1942.0,1937.5,1937.5,7777
2019-05-07 06:00:00,1943.44,1943.44,1942.2,1942.2,378
2019-05-07 05:45:00,1940.12,1940.12,1940.0,1940.0,275
2019-05-07 04:15:00,1948.0,1948.0,1948.0,1948.0,133
2019-05-06 20:00:00,1946.5,1946.85,1943.5,1943.5,2096
2019-05-06 19:45:00,1944.25,1945.0,1944.25,1945.0,990
2019-05-06 19:30:00,1944.88,1944.88,1944.5,1944.5,584
2019-05-06 19:15:00,1942.0,1943.5,1942.0,1943.5,809
2019-05-06 19:00:00,1941.0,1942.23,1941.0,1942.1,1127
2019-05-06 18:45:00,1942.8,1944.0,1941.0,1944.0,1984
2019-05-06 18:30:00,1942.6,1942.6,1941.88,1941.88,1026
2019-05-06 18:15:00,1941.05,1942.7,1941.05,1942.65,2484
2019-05-06 18:00:00,1943.26,1943.26,1942.0,1942.0,2274
2019-05-06 17:45:00,1942.82,1945.0,1942.5,1945.0,2868
2019-05-06 17:30:00,1942.94,1942.94,1940.3,1940.3,1345
2019-05-06 17:15:00,1941.0,1945.12,1939.0,1942.94,7907
2019-05-06 17:00:00,1950.05,1950.05,1941.0,1941.0,8926
2019-05-06 16:45:00,1950.1,1950.1,1950.1,1950.1,100
2019-05-06 16:30:00,1950.1,1950.55,1950.02,1950.1,2434
2019-05-06 16:15:00,1950.55,1950.55,1949.5,1950.02,27462
2019-05-06 16:00:00,1952.4720000000002,1955.69,1949.5,1950.29,286771
2019-05-06 15:45:00,1953.97,1955.5,1951.77,1952.65,132876
2019-05-06 15:30:00,1952.842,1956.64,1952.38,1953.5576,108067
2019-05-06 15:15:00,1958.0995,1958.0995,1952.38,1952.99,138408
2019-05-06 15:00:00,1951.54,1959.0,1950.28,1958.1,212648
2019-05-06 14:45:00,1944.75,1952.23,1944.75,1951.3945,159251
2019-05-06 14:30:00,1946.5537,1946.6494,1944.0,1944.425,49899
2019-05-06 14:15:00,1946.41,1947.12,1944.135,1946.6676,62569
2019-05-06 14:00:00,1944.6288,1948.36,1944.328,1946.98,112068
2019-05-06 13:45:00,1943.765,1945.6,1942.51,1944.86,58996
2019-05-06 13:30:00,1942.72,1944.66,1940.95,1943.425,87849
2019-05-06 13:15:00,1940.75,1942.8912,1938.2819,1942.54,91149
2019-05-06 13:00:00,1944.7954,1945.5543,1940.33,1941.01,99470
2019-05-06 12:45:00,1942.5416,1947.0,1942.4879999999998,1944.6276,85370
2019-05-06 12:30:00,1944.07,1946.2732,1942.13,1942.61,103398
2019-05-06 12:15:00,1947.12,1948.445,1942.37,1943.9857,116569
2019-05-06 12:00:00,1951.37,1953.9462,1945.75,1946.66,113298
2019-05-06 11:45:00,1953.6121,1953.85,1948.61,1951.27,157053
2019-05-06 11:30:00,1948.6883,1956.0,1947.55,1953.525,210402
2019-05-06 11:15:00,1946.6499,1948.86,1944.0,1948.665,161952
2019-05-06 11:00:00,1939.02,1948.62,1938.0,1945.231,246912
2019-05-06 10:45:00,1939.8892,1941.3624,1937.34,1939.075,114484
2019-05-06 10:30:00,1939.94,1943.213,1937.05,1939.9504,208169
2019-05-06 10:15:00,1940.86,1941.545,1931.835,1939.46,341119
2019-05-06 10:00:00,1939.73,1943.15,1930.59,1941.0185,530835
2019-05-06 09:45:00,1917.98,1940.5,1910.5,1939.45,932249
2019-05-06 09:30:00,1920.28,1920.5,1915.21,1917.35,30252
2019-05-06 09:15:00,1924.0,1924.5,1920.01,1920.6,28507
2019-05-06 09:00:00,1925.75,1925.75,1923.66,1924.5,15223
2019-05-06 08:45:00,1928.2882,1928.34,1924.0,1925.1,15838
2019-05-06 08:30:00,1922.79,1928.9399,1922.79,1928.0,23522
2019-05-06 08:15:00,1913.88,1923.2325,1910.0,1922.21,34762
2019-05-06 08:00:00,1922.42,1922.75,1920.0,1921.0,9290
2019-05-06 07:45:00,1921.03,1922.51,1920.0,1922.5,16153
2019-05-06 07:30:00,1917.45,1920.0,1916.0,1920.0,9124
2019-05-06 07:15:00,1910.0,1918.7,1910.0,1917.54,22652
2019-05-06 07:00:00,1907.0,1907.99,1906.08,1907.99,1332
2019-05-06 06:45:00,1908.0,1908.0,1908.0,1908.0,270
2019-05-06 06:30:00,1909.9,1909.98,1909.9,1909.98,303
2019-05-06 06:15:00,1907.0,1907.0,1906.0,1906.0,2133
2019-05-06 06:00:00,1902.37,1908.89,1902.37,1908.89,1599
2019-05-06 05:45:00,1901.0,1903.5,1901.0,1903.5,1637
2019-05-06 05:30:00,1897.72,1900.0,1897.72,1899.92,1957
2019-05-06 05:15:00,1896.0,1898.5,1896.0,1896.0,2918
2019-05-06 05:00:00,1903.0,1903.0,1898.23,1898.23,4221
2019-05-06 04:45:00,1910.0,1910.0,1903.0,1903.0,1658
2019-05-06 04:30:00,1915.2,1915.45,1910.0,1910.0,2690
2019-05-06 04:15:00,1912.08,1916.74,1912.08,1916.74,3329
2019-05-03 20:00:00,1963.76,1963.76,1963.1,1963.1,397
2019-05-03 19:45:00,1963.96,1963.96,1962.57,1963.16,620
2019-05-03 19:30:00,1963.1,1963.1,1963.1,1963.1,368
2019-05-03 19:15:00,1963.18,1964.0,1963.18,1964.0,1566
2019-05-03 19:00:00,1962.77,1963.37,1962.77,1963.37,681
2019-05-03 18:45:00,1962.0,1962.51,1962.0,1962.5,815
2019-05-03 18:30:00,1961.92,1962.0,1961.6,1961.6,766
2019-05-03 18:00:00,1962.22,1962.22,1962.22,1962.22,217
2019-05-03 17:45:00,1962.6,1962.6,1962.2,1962.2,784
2019-05-03 17:30:00,1962.32,1962.32,1962.32,1962.32,474
2019-05-03 17:15:00,1962.74,1962.94,1962.15,1962.15,2168
2019-05-03 17:00:00,1962.71,1962.75,1962.5,1962.5,1156
2019-05-03 16:45:00,1963.0,1963.35,1962.14,1962.14,18142
2019-05-03 16:30:00,1960.0,1963.1,1959.98,1963.0,13930
2019-05-03 16:15:00,1962.46,1963.35,1959.2,1960.0,90848
2019-05-03 16:00:00,1961.838,1963.63,1960.5,1961.76,497295
2019-05-03 15:45:00,1960.9,1963.23,1960.35,1961.7451,218575
2019-05-03 15:30:00,1961.585,1962.05,1958.0,1961.0461,167540
2019-05-03 15:15:00,1963.65,1963.7,1959.38,1961.52,160117
2019-05-03 15:00:00,1963.24,1964.0,1962.26,1963.57,112597
2019-05-03 14:45:00,1962.59,1963.9,1960.41,1962.9577,116939
2019-05-03 14:30:00,1962.8092,1964.0,1962.11,1962.67,109758
2019-05-03 14:15:00,1962.9488,1963.2144,1960.17,1962.9225,86465
2019-05-03 14:00:00,1960.88,1964.0,1960.88,1963.0991,126718
2019-05-03 13:45:00,1961.1786,1963.55,1960.6083,1960.935,120403
2019-05-03 13:30:00,1961.24,1962.6,1959.93,1960.8514,144894
2019-05-03 13:15:00,1959.89,1961.84,1959.51,1961.3076,102908
2019-05-03 13:00:00,1958.06,1959.64,1955.7921,1959.595,101917
2019-05-03 12:45:00,1961.01,1961.78,1957.3,1957.87,93729
2019-05-03 12:30:00,1959.11,1961.5,1958.09,1961.0,147386
2019-05-03 12:15:00,1956.42,1959.26,1954.18,1958.91,109708
2019-05-03 12:00:00,1958.69,1958.99,1955.84,1956.38,90763
2019-05-03 11:45:00,1953.98,1959.6,1953.98,1958.5032,131487
2019-05-03 11:30:00,1958.31,1959.82,1953.0,1954.1771,178210
2019-05-03 11:15:00,1962.2,1962.5,1958.56,1958.6397,135393
2019-05-03 11:00:00,1959.9019,1963.8,1958.671,1961.87,203198
2019-05-03 10:45:00,1964.2035,1964.2087,1956.77,1959.86,336089
2019-05-03 10:30:00,1952.7,1964.4,1952.66,1964.4,547909
2019-05-03 10:15:00,1947.43,1954.5508,1946.85,1952.3747,528367
2019-05-03 10:00:00,1939.67,1948.11,1938.42,1947.73,419707
2019-05-03 09:45:00,1949.0,1949.4975,1936.0,1939.5,803195
2019-05-03 09:30:00,1949.2,1949.52,1945.0529999999999,1949.0,25138
2019-05-03 09:15:00,1949.0,1949.5,1948.0,1949.0,24812
2019-05-03 09:00:00,1946.16,1949.49,1946.0,1949.49,20835
2019-05-03 08:45:00,1942.7,1947.3,1938.0,1947.0,34684
2019-05-03 08:30:00,1943.07,1944.49,1940.1864,1942.5,15696
2019-05-03 08:15:00,1947.0,1953.7975,1941.0,1943.0,53775
2019-05-03 08:00:00,1950.47,1950.48,1941.07,1941.98,21004
2019-05-03 07:45:00,1946.25,1953.7,1946.25,1952.0,38128
2019-05-03 07:30:00,1944.21,1946.5,1944.21,1946.5,11367
2019-05-03 07:15:00,1945.52,1946.98,1942.0,1944.56,22672
2019-05-03 07:00:00,1945.28,1947.0,1945.28,1946.39,1852
2019-05-03 06:45:00,1946.0,1947.56,1946.0,1947.56,4493
2019-05-03 06:30:00,1941.1,1944.8,1941.1,1944.8,3283
2019-05-03 06:15:00,1940.69,1941.0,1940.69,1941.0,487
2019-05-03 06:00:00,1941.89,1941.89,1941.89,1941.89,352
2019-05-03 05:45:00,1940.0,1941.02,1940.0,1941.02,439
2019-05-03 05:30:00,1940.98,1942.0,1940.5,1941.99,777
2019-05-03 05:00:00,1940.29,1941.0,1940.29,1941.0,1012
2019-05-03 04:45:00,1941.0,1941.0,1939.5,1939.5,1201
2019-05-03 04:30:00,1936.95,1939.57,1936.95,1939.57,1210
2019-05-03 04:15:00,1941.0,1942.13,1941.0,1941.0,1982
2019-05-02 20:00:00,1909.5,1929.0,1909.5,1928.75,38421
2019-05-02 19:45:00,1901.15,1907.0,1901.15,1907.0,5317
2019-05-02 19:00:00,1901.15,1901.15,1901.15,1901.15,354
2019-05-02 18:30:00,1901.9999,1901.9999,1901.9999,1901.9999,150
2019-05-02 18:00:00,1901.44,1901.44,1901.44,1901.44,102
2019-05-02 17:45:00,1902.0,1902.0,1902.0,1902.0,350
2019-05-02 17:30:00,1901.0,1901.0,1901.0,1901.0,410
2019-05-02 16:45:00,1901.17,1901.17,1901.17,1901.17,568
2019-05-02 16:15:00,1900.82,1901.91,1900.75,1901.0,20935
2019-05-02 16:00:00,1896.31,1901.72,1894.44,1901.72,248802
2019-05-02 15:45:00,1896.98,1898.4,1894.88,1896.31,117326
2019-05-02 15:30:00,1891.81,1897.8,1891.81,1897.09,111345
2019-05-02 15:15:00,1891.1403,1892.5,1889.22,1892.105,74286
2019-05-02 15:00:00,1892.94,1894.075,1889.23,1890.9622,77095
2019-05-02 14:45:00,1895.32,1896.5,1890.0,1892.9372,93232
2019-05-02 14:30:00,1894.26,1898.32,1893.95,1895.2258,98855
2019-05-02 14:15:00,1894.1888,1895.24,1891.78,1894.375,65241
2019-05-02 14:00:00,1894.11,1896.685,1893.16,1894.4658,68981
2019-05-02 13:45:00,1894.84,1897.88,1892.23,1894.49,101538
2019-05-02 13:30:00,1887.95,1894.72,1887.91,1894.67,122226
2019-05-02 13:15:00,1887.3583,1889.49,1883.85,1888.33,116355
2019-05-02 13:00:00,1892.19,1893.0828,1886.0,1887.205,107762
2019-05-02 12:45:00,1888.955,1895.21,1887.53,1892.32,134308
2019-05-02 12:30:00,1885.765,1889.88,1884.0,1888.9712,132411
2019-05-02 12:15:00,1885.46,1889.77,1884.5,1885.6570000000002,176120
2019-05-02 12:00:00,1889.14,1891.0,1881.87,1885.015,295530
2019-05-02 11:45:00,1901.33,1904.3392,1889.12,1889.46,297267
2019-05-02 11:30:00,1909.5387,1909.5387,1900.21,1901.1592,173509
2019-05-02 11:15:00,1905.59,1911.05,1903.36,1908.99,112985
2019-05-02 11:00:00,1911.595,1912.93,1904.35,1905.26,167630
2019-05-02 10:45:00,1915.096,1916.59,1911.6,1911.84,98836
2019-05-02 10:30:00,1919.86,1919.905,1914.72,1915.17,115411
2019-05-02 10:15:00,1911.985,1921.12,1911.68,1919.6265,142505
2019-05-02 10:00:00,1916.31,1917.56,1911.0479999999998,1911.92,155822
2019-05-02 09:45:00,1913.33,1921.55,1909.1,1916.088,297550
2019-05-02 09:30:00,1913.87,1914.28,1913.53,1914.28,3691
2019-05-02 09:15:00,1914.0,1914.0,1914.0,1914.0,979
2019-05-02 09:00:00,1916.41,1916.41,1914.51,1914.51,1213
2019-05-02 08:45:00,1915.68,1916.87,1915.0944,1915.0944,985
2019-05-02 08:30:00,1916.37,1917.17,1915.0,1915.0,3059
2019-05-02 08:15:00,1915.0,1919.0,1915.0,1917.41,5972
2019-05-02 08:00:00,1918.0,1919.0,1917.44,1917.44,900
2019-05-02 07:45:00,1917.0,1919.0,1917.0,1919.0,933
2019-05-02 07:30:00,1915.89,1916.0,1915.89,1916.0,755
2019-05-02 07:15:00,1919.2,1919.2,1916.91,1917.0,2038
2019-05-02 07:00:00,1919.2,1919.2,1919.1,1919.1,200
2019-05-02 06:30:00,1921.74,1921.8,1919.1,1919.1,665
2019-05-02 06:15:00,1920.49,1920.49,1920.49,1920.49,115
2019-05-02 06:00:00,1921.06,1921.06,1921.06,1921.06,275
2019-05-02 05:45:00,1922.5,1922.5,1922.5,1922.5,173
2019-05-02 05:00:00,1917.14,1918.29,1917.14,1918.29,351
2019-05-02 04:45:00,1915.07,1915.8,1915.07,1915.8,305
2019-05-02 04:30:00,1915.5,1915.5,1915.31,1915.31,211
2019-05-02 04:15:00,1914.29,1914.29,1913.4,1913.4,309
2019-05-01 20:00:00,1914.33,1915.0,1914.01,1914.33,1742
2019-05-01 19:45:00,1915.7,1915.7,1915.7,1915.7,600
2019-05-01 19:15:00,1914.8,1915.5,1914.8,1915.5,1097
2019-05-01 19:00:00,1914.0,1914.8,1914.0,1914.8,466
2019-05-01 18:45:00,1913.5,1913.5,1912.0,1912.0,545
2019-05-01 18:30:00,1913.0,1913.0,1913.0,1913.0,819
2019-05-01 18:15:00,1912.12,1912.15,1911.13,1911.13,2389
2019-05-01 18:00:00,1910.11,1911.52,1910.11,1911.08,1517
2019-05-01 17:45:00,1912.2,1912.5,1910.51,1911.49,3528
2019-05-01 17:30:00,1912.55,1912.55,1912.3,1912.3,1138
2019-05-01 17:15:00,1911.4,1912.55,1911.4,1912.55,1192
2019-05-01 17:00:00,1911.6,1911.6,1910.0,1910.16,5519
2019-05-01 16:45:00,1914.0,1914.0,1911.25,1911.25,8098
2019-05-01 16:30:00,1914.0,1915.0,1914.0,1914.4,1665
2019-05-01 16:15:00,1911.52,1913.7499,1910.1,1913.0,35207
2019-05-01 16:00:00,1921.14,1921.1866,1910.55,1911.29,237943
2019-05-01 15:45:00,1922.54,1922.56,1917.05,1921.4637,166226
2019-05-01 15:30:00,1929.7,1930.0,1922.67,1922.67,125640
2019-05-01 15:15:00,1933.0,1933.5,1927.0,1929.826,118178
2019-05-01 15:00:00,1931.0,1933.495,1927.77,1932.64,109266
2019-05-01 14:45:00,1937.39,1938.775,1926.73,1930.964,142357
2019-05-01 14:30:00,1937.77,1939.88,1937.557,1937.79,64500
2019-05-01 14:15:00,1935.66,1940.2,1933.92,1938.28,134588
2019-05-01 14:00:00,1935.51,1935.63,1932.84,1934.475,56501
2019-05-01 13:45:00,1935.47,1936.02,1934.75,1935.75,27269
2019-05-01 13:30:00,1935.48,1936.36,1934.28,1935.5,34861
2019-05-01 13:15:00,1933.33,1936.3996,1933.33,1935.46,71246
2019-05-01 13:00:00,1934.0248,1935.05,1932.77,1933.2269,67407
2019-05-01 12:45:00,1938.7,1938.9,1932.33,1934.13,117400
2019-05-01 12:30:00,1940.7094,1941.3499,1937.84,1938.8045,58503
2019-05-01 12:15:00,1938.86,1941.59,1938.635,1940.99,83334
2019-05-01 12:00:00,1940.05,1941.0,1937.51,1938.195,76645
2019-05-01 11:45:00,1936.0,1940.59,1936.0,1940.4043,64318
2019-05-01 11:30:00,1938.2,1938.3674,1935.67,1936.215,57098
2019-05-01 11:15:00,1938.3601,1939.8,1938.0510000000002,1938.59,51322
2019-05-01 11:00:00,1939.0,1941.25,1938.6767,1939.33,72069
2019-05-01 10:45:00,1937.9733,1939.35,1936.34,1938.4909,70211
2019-05-01 10:30:00,1942.1465,1942.45,1937.84,1937.84,111122
2019-05-01 10:15:00,1935.0,1943.64,1935.0,1942.02,205712
2019-05-01 10:00:00,1932.47,1940.75,1932.11,1939.99,245155
2019-05-01 09:45:00,1933.09,1935.0,1927.8038,1932.7923,280457
2019-05-01 09:30:00,1933.5545,1934.5,1932.86,1932.86,1897
2019-05-01 09:15:00,1934.98,1935.0163,1933.375,1933.375,2628
2019-05-01 09:00:00,1934.51,1935.0392,1934.5,1935.0392,456
2019-05-01 08:45:00,1935.35,1936.0,1934.6608,1935.16,3733
2019-05-01 08:30:00,1936.49,1936.49,1936.49,1936.49,280
2019-05-01 08:15:00,1934.0,1936.0,1933.2083,1935.13,7932
2019-05-01 08:00:00,1935.65,1936.6,1935.65,1935.7,1797
2019-05-01 07:45:00,1934.5,1936.0,1933.97,1936.0,3867
2019-05-01 07:30:00,1934.5,1934.5,1934.5,1934.5,200
2019-05-01 07:15:00,1935.74,1935.74,1933.5,1933.64,2854
2019-05-01 07:00:00,1935.11,1935.11,1935.0,1935.0,561
2019-05-01 04:15:00,1936.0,1936.0,1936.0,1936.0,200
2019-04-30 20:00:00,1932.84,1933.0,1932.51,1932.98,978
2019-04-30 19:45:00,1932.5,1932.5,1932.5,1932.5,336
2019-04-30 19:30:00,1933.0,1933.0,1933.0,1933.0,294
2019-04-30 19:15:00,1933.0,1933.0,1932.01,1932.9999,1590
2019-04-30 19:00:00,1932.87,1933.0,1932.87,1933.0,1115
2019-04-30 18:45:00,1933.0,1933.0,1932.02,1932.02,1169
2019-04-30 18:30:00,1933.0,1933.0,1933.0,1933.0,1005
2019-04-30 18:15:00,1932.01,1932.95,1932.01,1932.95,612
2019-04-30 18:00:00,1932.0,1932.0,1932.0,1932.0,776
2019-04-30 17:30:00,1932.17,1932.5,1932.17,1932.5,543
2019-04-30 17:15:00,1932.0,1932.79,1931.67,1932.0,3896
2019-04-30 17:00:00,1932.5,1933.0,1932.5,1932.5,4005
2019-04-30 16:45:00,1925.5,1935.4,1925.5,1932.5,28554
2019-04-30 16:30:00,1924.9283,1924.9283,1924.9283,1924.9283,406
2019-04-30 16:15:00,1926.52,1926.52,1923.0,1924.0,68784
2019-04-30 16:00:00,1923.92,1927.65,1922.27,1926.53,202221
2019-04-30 15:45:00,1924.1216,1926.75,1923.79,1923.91,87566
2019-04-30 15:30:00,1922.9003,1924.85,1922.37,1924.24,59055
2019-04-30 15:15:00,1924.48,1925.7558,1922.26,1923.102,65579
2019-04-30 15:00:00,1928.675,1930.35,1923.82,1924.2584,90041
2019-04-30 14:45:00,1931.5376,1932.0,1928.3889,1928.82,68105
2019-04-30 14:30:00,1932.18,1934.47,1930.4,1931.65,98809
2019-04-30 14:15:00,1930.83,1932.6,1929.3142,1931.8,99735
2019-04-30 14:00:00,1927.12,1930.8047,1926.99,1930.6727,103739
2019-04-30 13:45:00,1921.63,1927.4,1921.63,1927.0733,78670
2019-04-30 13:30:00,1924.73,1925.2799,1921.52,1921.52,56611
2019-04-30 13:15:00,1924.06,1925.73,1923.94,1924.5752,49328
2019-04-30 13:00:00,1926.8665,1927.68,1923.44,1923.92,77246
2019-04-30 12:45:00,1924.23,1927.03,1922.85,1926.92,91123
2019-04-30 12:30:00,1921.33,1925.34,1920.685,1924.12,117072
2019-04-30 12:15:00,1917.9825,1921.36,1917.04,1921.35,74281
2019-04-30 12:00:00,1914.9486,1919.749,1914.33,1917.86,121070
2019-04-30 11:45:00,1908.45,1914.84,1908.161,1914.8125,102992
2019-04-30 11:30:00,1908.69,1912.5392,1906.95,1908.245,132600
2019-04-30 11:15:00,1915.54,1916.64,1907.8001,1909.2,238188
2019-04-30 11:00:00,1916.525,1920.2,1915.78,1915.84,106463
2019-04-30 10:45:00,1919.0,1921.0483,1914.25,1916.62,158797
2019-04-30 10:30:00,1929.39,1929.56,1918.37,1918.74,193174
2019-04-30 10:15:00,1927.015,1931.34,1925.29,1929.4921,144244
2019-04-30 10:00:00,1927.48,1928.405,1923.06,1926.5,203401
2019-04-30 09:45:00,1930.1,1935.71,1923.1,1927.7136,320987
2019-04-30 09:30:00,1930.0,1930.5,1929.5,1930.1,3098
2019-04-30 09:15:00,1929.0,1930.4665,1928.0,1929.5,1715
2019-04-30 09:00:00,1930.0,1930.0,1928.25,1928.25,1705
2019-04-30 08:45:00,1934.0,1934.0,1929.0,1929.0,9638
2019-04-30 08:30:00,1932.85,1934.2,1932.0,1934.2,3211
2019-04-30 08:15:00,1931.3001,1934.1,1930.01,1933.05,7436
2019-04-30 07:45:00,1931.5,1931.5,1931.3,1931.3,732
2019-04-30 06:00:00,1931.23,1931.23,1931.23,1931.23,322
2019-04-30 05:45:00,1930.59,1930.62,1930.59,1930.62,768
2019-04-30 04:45:00,1930.0,1930.0,1930.0,1930.0,142
2019-04-29 20:00:00,1928.0,1928.0,1923.11,1923.11,3706
2019-04-29 19:45:00,1928.0,1928.05,1926.82,1926.82,1588
2019-04-29 19:30:00,1928.5,1928.5,1928.11,1928.11,718
2019-04-29 19:15:00,1929.0,1929.0,1929.0,1929.0,446
2019-04-29 19:00:00,1929.1,1929.2,1929.0,1929.1,1485
2019-04-29 18:45:00,1929.7,1929.7,1928.82,1929.1,1530
2019-04-29 18:30:00,1929.22,1929.22,1929.22,1929.22,411
2019-04-29 18:15:00,1929.7,1929.7,1929.7,1929.7,111
2019-04-29 18:00:00,1929.44,1929.44,1929.1,1929.1,833
2019-04-29 17:45:00,1929.75,1929.75,1929.75,1929.75,399
2019-04-29 17:30:00,1929.0,1930.0,1926.67,1930.0,2533
2019-04-29 17:15:00,1928.5,1930.13,1928.5,1930.0,3283
2019-04-29 17:00:00,1929.0,1930.0,1928.0,1930.0,4347
2019-04-29 16:45:00,1930.5,1938.43,1929.0,1929.22,15009
2019-04-29 16:30:00,1933.0,1938.43,1930.58,1931.0,15388
2019-04-29 16:15:00,1938.43,1938.43,1931.2701,1931.36,121516
2019-04-29 16:00:00,1940.99,1941.21,1934.09,1939.0,293699
2019-04-29 15:45:00,1941.6084,1942.12,1939.6,1940.98,131524
2019-04-29 15:30:00,1941.7155,1943.0,1940.9832,1941.84,75097
2019-04-29 15:15:00,1943.11,1944.61,1941.05,1941.4401,81530
2019-04-29 15:00:00,1943.8401,1945.433,1942.48,1942.96,86858
2019-04-29 14:45:00,1939.99,1944.44,1939.5166,1943.95,90511
2019-04-29 14:30:00,1939.04,1940.13,1937.0,1939.8817,88411
2019-04-29 14:15:00,1939.3709,1940.54,1938.815,1939.04,67844
2019-04-29 14:00:00,1940.69,1940.69,1938.025,1939.6,58940
2019-04-29 13:45:00,1941.7632,1942.33,1939.45,1940.6,65444
2019-04-29 13:30:00,1941.77,1942.99,1940.53,1941.8414,62817
2019-04-29 13:15:00,1942.5,1944.0,1941.0,1941.52,75714
2019-04-29 13:00:00,1939.0,1943.4432,1938.8257,1942.6385,114054
2019-04-29 12:45:00,1938.2899,1940.0,1936.0,1939.18,128296
2019-04-29 12:30:00,1941.3110000000001,1942.42,1936.82,1938.1970000000001,148800
2019-04-29 12:15:00,1942.44,1943.0851,1940.5,1941.5,109786
2019-04-29 12:00:00,1944.0,1944.0,1940.5,1942.7448,101314
2019-04-29 11:45:00,1945.45,1946.18,1941.985,1943.61,92713
2019-04-29 11:30:00,1945.125,1945.7,1943.0,1945.2763,88077
2019-04-29 11:15:00,1948.05,1949.05,1944.0,1945.1,107683
2019-04-29 11:00:00,1948.5,1950.0,1946.39,1948.1625,135501
2019-04-29 10:45:00,1947.39,1948.49,1944.47,1948.475,109290
2019-04-29 10:30:00,1947.9394,1949.35,1945.635,1947.315,114712
2019-04-29 10:15:00,1946.35,1949.95,1940.23,1947.7720000000002,233930
2019-04-29 10:00:00,1950.56,1951.825,1941.214,1946.175,310487
2019-04-29 09:45:00,1949.0,1956.335,1946.03,1950.56,603868
2019-04-29 09:30:00,1950.0,1950.0,1948.03,1948.03,3498
2019-04-29 09:15:00,1950.1946,1951.5,1950.0,1950.0,6528
2019-04-29 09:00:00,1949.99,1951.5,1949.1501,1950.02,11062
2019-04-29 08:45:00,1951.27,1952.78,1950.1,1950.5,8485
2019-04-29 08:30:00,1948.5,1950.5,1948.5,1950.5,7866
2019-04-29 08:15:00,1947.925,1949.78,1946.0,1948.58,9337
2019-04-29 08:00:00,1947.89,1948.0,1947.5,1948.0,1339
2019-04-29 07:45:00,1947.89,1947.89,1947.89,1947.89,300
2019-04-29 07:30:00,1947.1,1947.1,1947.1,1947.1,507
2019-04-29 07:15:00,1947.0,1947.0,1946.4,1946.4,740
2019-04-29 07:00:00,1948.32,1948.32,1948.31,1948.31,200
2019-04-29 06:15:00,1949.79,1949.79,1949.79,1949.79,243
2019-04-29 05:30:00,1954.89,1954.89,1952.0,1952.0,1171
2019-04-29 05:15:00,1955.0,1955.0,1955.0,1955.0,168
2019-04-29 05:00:00,1954.5,1954.5,1953.0,1953.0,448
2019-04-26 20:00:00,1949.65,1949.65,1949.3,1949.3,1227
2019-04-26 19:45:00,1949.89,1949.9,1949.68,1949.8,1729
2019-04-26 19:30:00,1949.74,1949.94,1949.74,1949.94,301
2019-04-26 19:15:00,1949.5,1949.5,1949.5,1949.5,200
2019-04-26 19:00:00,1949.94,1949.95,1949.94,1949.95,369
2019-04-26 18:45:00,1949.5,1949.5,1949.5,1949.5,298
2019-04-26 18:30:00,1950.0,1950.0,1949.95,1949.95,366
2019-04-26 18:00:00,1949.1,1950.0,1949.1,1950.0,671
2019-04-26 17:45:00,1949.1,1949.1,1949.1,1949.1,224
2019-04-26 17:30:00,1949.5,1949.5,1949.5,1949.5,1088
2019-04-26 17:15:00,1949.75,1949.75,1949.52,1949.52,712
2019-04-26 17:00:00,1949.0,1949.84,1949.0,1949.6,2426
2019-04-26 16:45:00,1950.1,1950.63,1949.92,1950.0,11481
2019-04-26 16:30:00,1950.25,1950.25,1949.0,1950.1,12962
2019-04-26 16:15:00,1950.9,1951.0,1949.9,1950.15,128243
2019-04-26 16:00:00,1947.6917,1951.0,1947.29,1950.9,612362
2019-04-26 15:45:00,1943.63,1948.04,1943.03,1947.765,270311
2019-04-26 15:30:00,1946.9,1949.72,1943.5,1943.8086,224920
2019-04-26 15:15:00,1948.8,1949.9,1945.42,1946.7029,280252
2019-04-26 15:00:00,1949.58,1949.7,1945.24,1948.62,212036
2019-04-26 14:45:00,1947.445,1949.91,1940.99,1949.54,334285
2019-04-26 14:30:00,1938.24,1949.16,1938.115,1947.32,439674
2019-04-26 14:15:00,1934.92,1939.0,1932.0,1938.275,214803
2019-04-26 14:00:00,1931.53,1937.97,1931.44,1935.0610000000001,241944
2019-04-26 13:45:00,1929.95,1932.06,1928.75,1931.0510000000002,205769
2019-04-26 13:30:00,1927.455,1929.97,1926.4776,1929.7981,124588
2019-04-26 13:15:00,1928.7,1929.115,1922.31,1927.455,162931
2019-04-26 13:00:00,1925.8,1930.0,1925.665,1928.7918,212597
2019-04-26 12:45:00,1923.04,1927.57,1922.97,1926.07,278758
2019-04-26 12:30:00,1920.4,1924.0,1918.58,1923.1908,221686
2019-04-26 12:15:00,1914.73,1921.53,1914.1011,1920.61,153813
2019-04-26 12:00:00,1917.67,1918.1279,1914.44,1915.0248,112156
2019-04-26 11:45:00,1917.75,1919.205,1913.08,1917.8629999999998,170907
2019-04-26 11:30:00,1916.43,1920.05,1915.65,1918.155,202272
2019-04-26 11:15:00,1913.5157,1918.09,1911.47,1915.78,218751
2019-04-26 11:00:00,1909.0,1915.23,1906.0,1913.4766,225878
2019-04-26 10:45:00,1910.22,1910.305,1903.0552,1908.6708,229915
2019-04-26 10:30:00,1909.22,1918.6791,1908.64,1910.13,316380
2019-04-26 10:15:00,1904.9983,1914.54,1901.76,1909.171,342950
2019-04-26 10:00:00,1909.14,1928.0,1898.0,1905.82,583910
2019-04-26 09:45:00,1929.0,1939.55,1905.47,1909.14,1163640
2019-04-26 09:30:00,1935.0,1935.0,1927.66,1928.85,33093
2019-04-26 09:15:00,1939.0,1939.0,1932.0,1935.0,41720
2019-04-26 09:00:00,1936.01,1939.57,1934.84,1939.57,61989
2019-04-26 08:45:00,1923.66,1936.99,1923.0,1936.06,72040
2019-04-26 08:30:00,1927.3,1928.79,1921.77,1925.02,29667
2019-04-26 08:15:00,1917.8899,1927.49,1910.01,1927.11,45052
2019-04-26 08:00:00,1918.99,1920.5,1916.0,1918.5,8401
2019-04-26 07:45:00,1916.01,1920.0,1916.0,1918.7,9749
2019-04-26 07:30:00,1912.0,1916.11,1912.0,1916.11,2937
2019-04-26 07:15:00,1918.07,1918.07,1909.0,1910.0,7738
2019-04-26 07:00:00,1920.0,1920.5,1920.0,1920.0,2016
2019-04-26 06:45:00,1920.25,1920.5,1920.25,1920.5,2438
2019-04-26 06:30:00,1920.49,1920.49,1920.49,1920.49,481
2019-04-26 06:15:00,1920.5,1920.5,1920.5,1920.5,2339
2019-04-26 06:00:00,1920.87,1920.87,1920.12,1920.12,916
2019-04-26 05:45:00,1919.75,1919.75,1919.75,1919.75,100
2019-04-26 05:30:00,1921.0,1921.0,1921.0,1921.0,249
2019-04-26 05:15:00,1923.47,1923.47,1923.47,1923.47,165
2019-04-26 05:00:00,1923.52,1923.52,1923.52,1923.52,403
2019-04-26 04:45:00,1922.51,1922.51,1922.36,1922.36,300
2019-04-26 04:30:00,1925.0,1925.0,1922.53,1922.53,656
2019-04-26 04:15:00,1919.65,1921.06,1919.65,1921.06,1179
2019-04-25 20:00:00,1912.0,1914.45,1911.5,1913.88,9498
2019-04-25 19:45:00,1912.02,1913.5,1911.75,1913.5,3764
2019-04-25 19:30:00,1910.5,1913.0,1910.0,1913.0,5029
2019-04-25 19:15:00,1914.0,1914.5,1911.01,1911.01,4916
2019-04-25 19:00:00,1912.0,1914.0,1910.0,1913.8,13661
2019-04-25 18:45:00,1917.0,1918.0,1912.8,1913.0,10062
2019-04-25 18:30:00,1922.5,1922.91,1917.0,1917.0,20015
2019-04-25 18:15:00,1909.8,1923.81,1906.01,1922.0,65223
2019-04-25 18:00:00,1916.01,1943.8,1908.2,1908.2,216063
2019-04-25 17:45:00,1894.01,1920.0,1888.0,1919.1,102200
2019-04-25 17:30:00,1902.1,1902.1,1882.01,1895.4,123290
2019-04-25 17:15:00,1918.0,1922.0,1901.7,1901.7,71702
2019-04-25 17:00:00,1928.01,1928.28,1917.36,1918.0,71354
2019-04-25 16:45:00,1922.5,1935.0,1916.2,1928.26,115290
2019-04-25 16:30:00,1907.05,1940.0,1905.0,1924.0,283718
2019-04-25 16:15:00,1902.25,1970.0,1892.69,1910.08,512585
2019-04-25 16:00:00,1912.495,1912.78,1900.31,1902.16,595518
2019-04-25 15:45:00,1914.28,1914.54,1910.3,1912.415,221655
2019-04-25 15:30:00,1912.2146,1915.0,1911.45,1914.18,175966
2019-04-25 15:15:00,1915.12,1915.41,1912.11,1912.11,110602
2019-04-25 15:00:00,1913.6399,1916.32,1913.17,1915.18,114742
2019-04-25 14:45:00,1916.31,1916.46,1913.34,1913.46,84994
2019-04-25 14:30:00,1916.3,1917.3,1914.8282,1916.22,75981
2019-04-25 14:15:00,1916.4,1917.87,1915.275,1916.3,90644
2019-04-25 14:00:00,1914.9157,1916.59,1913.527,1916.0910000000001,81440
2019-04-25 13:45:00,1912.68,1915.94,1912.16,1914.81,97977
2019-04-25 13:30:00,1912.0870000000002,1912.7926,1910.05,1912.55,78597
2019-04-25 13:15:00,1914.0647,1916.48,1912.1,1912.21,105455
2019-04-25 13:00:00,1912.96,1914.81,1912.44,1914.07,64837
2019-04-25 12:45:00,1909.57,1914.43,1909.11,1912.96,101365
2019-04-25 12:30:00,1913.1156,1913.71,1909.56,1909.754,92156
2019-04-25 12:15:00,1916.42,1917.23,1912.75,1913.3,104923
2019-04-25 12:00:00,1916.84,1918.35,1916.0,1916.315,91913
2019-04-25 11:45:00,1915.8608,1918.23,1914.9096,1916.7124,148022
2019-04-25 11:30:00,1913.65,1916.6,1910.8708,1915.5753,119660
2019-04-25 11:15:00,1913.43,1914.9,1912.52,1913.65,114549
2019-04-25 11:00:00,1907.33,1914.46,1906.63,1913.56,151402
2019-04-25 10:45:00,1908.86,1910.435,1905.26,1907.32,145230
2019-04-25 10:30:00,1906.18,1909.316,1902.1,1909.15,246000
2019-04-25 10:15:00,1915.9684,1918.77,1905.08,1905.4,218232
2019-04-25 10:00:00,1911.84,1920.3022,1911.7789,1916.06,230527
2019-04-25 09:45:00,1917.0035,1922.45,1911.4747,1912.11,526217
2019-04-25 09:30:00,1924.56,1924.75,1917.0,1917.0,15386
2019-04-25 09:15:00,1922.5,1923.85,1922.1,1923.85,6859
2019-04-25 09:00:00,1922.0301,1922.95,1921.01,1922.06,7407
2019-04-25 08:45:00,1923.5,1923.5,1921.5852,1922.6626,3146
2019-04-25 08:30:00,1923.21,1924.0,1923.21,1924.0,2636
2019-04-25 08:15:00,1921.01,1924.7383,1918.0,1923.21,15331
2019-04-25 08:00:00,1923.49,1924.11,1923.0,1924.11,3147
2019-04-25 07:45:00,1922.98,1923.78,1922.98,1923.64,2589
2019-04-25 07:30:00,1921.5,1921.99,1921.08,1921.99,2031
2019-04-25 07:15:00,1916.26,1921.6,1916.25,1920.6,4683
2019-04-25 07:00:00,1918.0,1918.0,1918.0,1918.0,250
2019-04-25 06:45:00,1918.79,1918.79,1917.0,1917.9,2335
2019-04-25 06:30:00,1918.0,1918.5,1918.0,1918.5,879
2019-04-25 06:15:00,1918.5,1918.5,1918.5,1918.5,155
2019-04-25 06:00:00,1919.0,1919.0,1919.0,1919.0,350
2019-04-25 05:30:00,1920.0,1920.0,1920.0,1920.0,100
2019-04-25 05:15:00,1920.0,1920.0,1920.0,1920.0,212
2019-04-25 05:00:00,1922.0,1922.0,1920.0,1920.0,2026
2019-04-25 04:45:00,1920.5,1920.5,1920.5,1920.5,380
2019-04-24 20:00:00,1920.75,1922.0,1920.75,1922.0,1409
2019-04-24 19:45:00,1920.55,1921.3,1920.55,1920.8,1433
2019-04-24 19:30:00,1920.75,1920.75,1920.75,1920.75,594
2019-04-24 19:15:00,1921.18,1921.49,1921.0,1921.3,3018
2019-04-24 19:00:00,1919.33,1920.99,1919.33,1920.99,1491
2019-04-24 18:45:00,1919.0,1919.87,1919.0,1919.5,1236
2019-04-24 18:30:00,1918.05,1920.0,1918.05,1920.0,4556
2019-04-24 18:15:00,1918.12,1919.5,1918.0,1918.0,2184
2019-04-24 18:00:00,1918.7,1919.5,1918.0,1919.0,5269
2019-04-24 17:45:00,1918.5,1919.35,1918.5,1918.75,7124
2019-04-24 17:30:00,1917.75,1918.86,1916.15,1918.86,7793
2019-04-24 17:15:00,1917.25,1917.7,1917.05,1917.7,6421
2019-04-24 17:00:00,1917.0,1918.0,1916.55,1917.25,13751
2019-04-24 16:45:00,1917.69,1918.0,1915.75,1915.9,113368
2019-04-24 16:30:00,1917.5,1917.59,1914.62,1917.25,30044
2019-04-24 16:15:00,1901.75,1917.36,1898.62,1917.36,157184
2019-04-24 16:00:00,1906.5,1908.13,1898.16,1900.88,318837
2019-04-24 15:45:00,1905.73,1907.27,1904.62,1906.4,106242
2019-04-24 15:30:00,1907.2845,1907.55,1905.01,1905.5059,65429
2019-04-24 15:15:00,1908.63,1909.4699,1906.555,1907.4,66485
2019-04-24 15:00:00,1907.22,1909.1,1906.6417,1908.9704,61577
2019-04-24 14:45:00,1905.81,1907.2294,1904.2,1906.9556,90809
2019-04-24 14:30:00,1910.9755,1911.02,1905.6025,1906.0326,81160
2019-04-24 14:15:00,1909.51,1911.85,1909.0715,1910.98,70450
2019-04-24 14:00:00,1912.2,1912.8999,1908.6701,1909.3,91455
2019-04-24 13:45:00,1913.66,1913.75,1911.6,1912.165,54876
2019-04-24 13:30:00,1913.72,1915.19,1913.18,1913.72,57828
2019-04-24 13:15:00,1912.675,1914.4,1912.02,1913.85,56139
2019-04-24 13:00:00,1913.6236,1915.0,1912.1944,1912.5,66666
2019-04-24 12:45:00,1915.96,1916.05,1913.6005,1913.71,45119
2019-04-24 12:30:00,1916.18,1917.265,1914.71,1916.521,79284
2019-04-24 12:15:00,1914.5767,1916.63,1913.1,1915.955,88854
2019-04-24 12:00:00,1919.34,1919.401,1913.74,1914.17,94292
2019-04-24 11:45:00,1919.49,1921.7431,1919.0,1919.41,110993
2019-04-24 11:30:00,1918.04,1919.5071,1917.25,1919.223,72596
2019-04-24 11:15:00,1915.88,1920.0,1915.6,1918.0,132608
2019-04-24 11:00:00,1911.45,1915.81,1910.7415,1915.79,123898
2019-04-24 10:45:00,1918.4,1918.42,1911.48,1911.48,210495
2019-04-24 10:30:00,1921.87,1921.91,1918.1466,1918.41,91145
2019-04-24 10:15:00,1921.61,1925.0,1919.01,1921.7120000000002,116017
2019-04-24 10:00:00,1918.6027,1924.0,1915.56,1921.64,246478
2019-04-24 09:45:00,1925.0,1929.6899,1918.27,1918.8552,461233
2019-04-24 09:30:00,1926.23,1927.63,1925.01,1925.96,6507
2019-04-24 09:15:00,1927.1,1927.5,1926.21,1927.5,6214
2019-04-24 09:00:00,1927.85,1928.42,1927.0,1927.0,6444
2019-04-24 08:45:00,1928.32,1928.32,1927.46,1927.87,3834
2019-04-24 08:30:00,1929.31,1929.72,1928.26,1928.32,3348
2019-04-24 08:15:00,1927.0,1932.23,1926.17,1929.23,11023
2019-04-24 08:00:00,1929.06,1930.24,1928.0,1929.5,2784
2019-04-24 07:45:00,1932.23,1932.8,1929.49,1929.49,5258
2019-04-24 07:30:00,1929.02,1933.0,1929.02,1932.24,6491
2019-04-24 07:15:00,1926.6,1928.69,1926.5,1928.69,6382
2019-04-24 05:45:00,1925.12,1925.12,1925.12,1925.12,100
2019-04-24 05:30:00,1924.8,1925.37,1924.8,1925.37,300
2019-04-23 20:00:00,1925.805,1926.0,1925.12,1925.12,1379
2019-04-23 19:30:00,1925.5,1925.5,1925.5,1925.5,190
2019-04-23 19:15:00,1925.0,1925.0,1924.6,1924.6,550
2019-04-23 19:00:00,1925.0,1925.37,1925.0,1925.37,330
2019-04-23 18:30:00,1925.01,1925.01,1924.9,1924.9,377
2019-04-23 18:15:00,1924.78,1924.78,1924.78,1924.78,235
2019-04-23 18:00:00,1925.0,1925.02,1924.78,1924.78,640
2019-04-23 17:30:00,1924.78,1924.78,1924.78,1924.78,119
2019-04-23 17:15:00,1925.4,1925.4,1925.0,1925.0,1576
2019-04-23 17:00:00,1925.6,1925.63,1925.6,1925.63,835
2019-04-23 16:45:00,1924.44,1926.5,1924.44,1926.22,8543
2019-04-23 16:30:00,1924.45,1924.45,1924.25,1924.43,86984
2019-04-23 16:15:00,1923.77,1924.0,1923.25,1923.85,65555
2019-04-23 16:00:00,1918.0527,1924.425,1916.59,1924.17,325129
2019-04-23 15:45:00,1922.41,1922.485,1918.06,1918.2383,182138
2019-04-23 15:30:00,1925.04,1925.24,1921.2233,1922.4099,111816
2019-04-23 15:15:00,1925.37,1926.54,1924.07,1925.0,93950
2019-04-23 15:00:00,1926.845,1927.0,1925.05,1925.5599,74277
2019-04-23 14:45:00,1926.27,1928.5,1925.87,1926.74,64783
2019-04-23 14:30:00,1926.48,1927.62,1925.2,1926.52,65222
2019-04-23 14:15:00,1927.83,1928.95,1925.75,1926.3713,88412
2019-04-23 14:00:00,1926.8,1928.2,1926.2913,1928.075,93047
2019-04-23 13:45:00,1925.75,1927.25,1925.2136,1926.5356,61168
2019-04-23 13:30:00,1926.705,1926.74,1925.1,1925.98,54275
2019-04-23 13:15:00,1927.6011,1928.05,1925.3617,1926.55,96364
2019-04-23 13:00:00,1927.875,1928.25,1926.73,1927.5,88491
2019-04-23 12:45:00,1922.01,1927.98,1920.505,1927.875,117154
2019-04-23 12:30:00,1927.3,1927.9668,1919.455,1922.235,170292
2019-04-23 12:15:00,1926.405,1929.26,1925.1,1927.1459,182165
2019-04-23 12:00:00,1922.77,1926.8995,1922.77,1926.4369,161072
2019-04-23 11:45:00,1919.658,1923.53,1919.355,1922.6313,148777
2019-04-23 11:30:00,1916.53,1921.67,1916.4487,1919.7124,198167
2019-04-23 11:15:00,1913.0154,1916.71,1911.66,1916.67,146627
2019-04-23 11:00:00,1912.5,1913.6,1909.0,1913.0668,172590
2019-04-23 10:45:00,1909.59,1912.8,1908.54,1912.3592,212238
2019-04-23 10:30:00,1906.61,1909.94,1905.565,1909.3024,150192
2019-04-23 10:15:00,1903.23,1908.98,1902.935,1907.0,223591
2019-04-23 10:00:00,1905.78,1906.4302,1902.0,1903.01,302680
2019-04-23 09:45:00,1891.2,1906.4441,1889.58,1905.48,584265
2019-04-23 09:30:00,1894.01,1894.03,1892.5,1893.0,9256
2019-04-23 09:15:00,1893.3463,1893.61,1892.48,1893.61,6403
2019-04-23 09:00:00,1892.15,1893.01,1892.15,1893.0,2044
2019-04-23 08:45:00,1893.0,1893.0,1892.1,1892.82,3608
2019-04-23 08:30:00,1893.0,1893.25,1892.99,1893.0,3044
2019-04-23 08:15:00,1892.99,1894.9468,1890.0,1893.6,15293
2019-04-23 08:00:00,1893.02,1893.5,1893.0,1893.25,1929
2019-04-23 07:45:00,1892.05,1892.88,1892.0,1892.88,1256
2019-04-23 07:30:00,1892.5,1893.0,1892.5,1892.65,1605
2019-04-23 07:15:00,1886.62,1893.5,1886.62,1893.0,9383
2019-04-23 06:30:00,1885.7,1885.7,1885.7,1885.7,105
2019-04-23 04:45:00,1885.4,1885.85,1885.4,1885.85,243
2019-04-23 04:30:00,1885.4,1885.4,1885.4,1885.4,100
2019-04-23 04:15:00,1888.0,1888.0,1886.75,1886.75,632
2019-04-22 20:00:00,1891.5,1892.27,1891.26,1892.0,1692
2019-04-22 19:45:00,1891.7,1891.7,1891.7,1891.7,344
2019-04-22 19:30:00,1891.7,1891.7,1891.5,1891.5,599
2019-04-22 19:15:00,1891.0,1891.65,1891.0,1891.65,900
2019-04-22 19:00:00,1889.4001,1889.4001,1889.4001,1889.4001,900
2019-04-22 18:30:00,1889.75,1889.75,1889.75,1889.75,515
2019-04-22 18:15:00,1889.5,1889.5,1889.25,1889.25,496
2019-04-22 17:45:00,1888.87,1889.0,1888.87,1889.0,1481
2019-04-22 17:30:00,1889.4,1889.4,1889.0,1889.0,1043
2019-04-22 17:00:00,1889.42,1889.42,1889.4,1889.4,395
2019-04-22 16:45:00,1888.2,1889.0,1888.2,1889.0,5437
2019-04-22 16:30:00,1888.09,1888.5,1888.0,1888.0,1969
2019-04-22 16:15:00,1887.31,1887.9,1886.9999,1887.9,38670
2019-04-22 16:00:00,1887.1062,1888.1,1885.77,1888.04,233055
2019-04-22 15:45:00,1887.0,1887.89,1885.0,1887.1597,125228
2019-04-22 15:30:00,1882.685,1886.94,1881.625,1886.94,98686
2019-04-22 15:15:00,1883.78,1883.9962,1882.265,1882.81,50576
2019-04-22 15:00:00,1883.57,1884.17,1882.3992,1883.8,73174
2019-04-22 14:45:00,1886.0364,1886.74,1880.63,1883.27,123790
2019-04-22 14:30:00,1887.41,1887.501,1885.29,1886.0089,80624
2019-04-22 14:15:00,1887.63,1888.42,1886.45,1887.4,67347
2019-04-22 14:00:00,1886.51,1888.1632,1886.2,1887.4132,79997
2019-04-22 13:45:00,1884.6,1887.2362,1884.4883,1886.64,85288
2019-04-22 13:30:00,1882.62,1886.0,1882.13,1884.6,95136
2019-04-22 13:15:00,1883.065,1884.0,1880.3,1882.835,88550
2019-04-22 13:00:00,1879.1545,1883.0,1878.9,1883.0,134142
2019-04-22 12:45:00,1879.45,1880.0,1877.61,1879.0088,213432
2019-04-22 12:30:00,1878.6,1880.0,1878.25,1879.48,70041
2019-04-22 12:15:00,1876.54,1879.98,1875.6616,1878.74,85013
2019-04-22 12:00:00,1877.8102,1878.0,1875.75,1876.7845,60330
2019-04-22 11:45:00,1874.64,1878.4899,1873.92,1877.6496,134574
2019-04-22 11:30:00,1869.71,1875.23,1869.5,1874.63,130280
2019-04-22 11:15:00,1870.78,1871.98,1869.15,1869.8305,84158
2019-04-22 11:00:00,1867.235,1870.71,1866.5,1870.71,101308
2019-04-22 10:45:00,1866.201,1868.8144,1866.201,1867.4643,136309
2019-04-22 10:30:00,1859.8977,1866.4920000000002,1859.73,1866.21,108924
2019-04-22 10:15:00,1857.7,1863.5,1856.56,1859.92,162293
2019-04-22 10:00:00,1852.0,1858.48,1850.15,1858.14,189123
2019-04-22 09:45:00,1855.4,1856.34,1845.64,1851.45,353866
2019-04-22 09:30:00,1854.92,1854.95,1854.1,1854.95,1936
2019-04-22 09:15:00,1855.0,1855.3,1855.0,1855.3,656
2019-04-22 09:00:00,1854.75,1854.75,1854.25,1854.25,2145
2019-04-22 08:45:00,1856.0,1856.5,1855.0,1856.5,1689
2019-04-22 08:30:00,1855.0,1856.0,1853.17,1856.0,5065
2019-04-22 08:15:00,1857.8475,1858.0,1855.1,1855.1,4791
2019-04-22 08:00:00,1857.0,1857.27,1857.0,1857.1,610
2019-04-22 07:15:00,1858.7,1858.7,1858.7,1858.7,993
2019-04-22 04:15:00,1859.0,1859.0,1859.0,1859.0,246
2019-04-18 18:45:00,1861.5,1861.5,1861.5,1861.5,121
2019-04-18 18:30:00,1861.75,1861.75,1861.64,1861.64,335
2019-04-18 18:00:00,1860.5,1860.5,1860.5,1860.5,210
2019-04-18 17:45:00,1860.5,1860.5,1860.5,1860.5,320
2019-04-18 17:30:00,1861.7,1861.7,1860.57,1860.5701,1438
2019-04-18 17:15:00,1861.55,1861.55,1861.12,1861.12,3083
2019-04-18 17:00:00,1861.45,1861.69,1861.12,1861.6,19185
2019-04-18 16:45:00,1861.69,1861.69,1861.17,1861.17,2825
2019-04-18 16:30:00,1861.65,1861.6899,1861.55,1861.6899,892
2019-04-18 16:15:00,1861.69,1862.0,1861.1,1861.55,39396
2019-04-18 16:00:00,1862.64,1862.7629,1859.7555,1861.4,264317
2019-04-18 15:45:00,1862.63,1863.36,1862.11,1862.745,92647
2019-04-18 15:30:00,1863.2136,1863.82,1862.5,1862.8367,70240
2019-04-18 15:15:00,1863.7017,1863.78,1862.34,1863.12,45217
2019-04-18 15:00:00,1865.0845,1865.32,1863.44,1863.49,45324
2019-04-18 14:45:00,1866.5502,1866.5502,1865.0,1865.2,59226
2019-04-18 14:30:00,1865.5,1867.0,1865.11,1866.585,60038
2019-04-18 14:15:00,1864.5,1866.0,1863.8,1865.4112,70446
2019-04-18 14:00:00,1862.59,1864.97,1862.59,1864.68,61609
2019-04-18 13:45:00,1861.91,1863.405,1861.11,1862.5,44673
2019-04-18 13:30:00,1862.5,1862.56,1861.0,1861.8,63803
2019-04-18 13:15:00,1863.7,1863.7,1862.18,1862.5,57463
2019-04-18 13:00:00,1863.985,1864.84,1863.7,1863.95,44029
2019-04-18 12:45:00,1864.425,1864.68,1863.66,1864.0,35492
2019-04-18 12:30:00,1864.67,1865.535,1864.0,1864.3,56219
2019-04-18 12:15:00,1864.81,1865.77,1864.44,1864.6701,83330
2019-04-18 12:00:00,1863.705,1864.74,1862.26,1864.6298,48403
2019-04-18 11:45:00,1864.29,1864.29,1862.2605,1863.6479,61754
2019-04-18 11:30:00,1864.1,1865.4,1862.5,1863.84,66325
2019-04-18 11:15:00,1864.5,1864.94,1862.48,1864.3586,60457
2019-04-18 11:00:00,1860.4047,1864.49,1860.4047,1863.85,107963
2019-04-18 10:45:00,1861.33,1863.33,1859.65,1860.3264,112026
2019-04-18 10:30:00,1864.04,1865.35,1859.48,1861.3263,136537
2019-04-18 10:15:00,1864.76,1866.54,1862.01,1864.04,157710
2019-04-18 10:00:00,1866.6,1869.25,1864.45,1864.6,163847
2019-04-18 09:45:00,1868.79,1870.82,1862.65,1866.8,417831
2019-04-18 09:30:00,1864.0,1870.44,1864.0,1866.26,25960
2019-04-18 09:15:00,1864.0,1864.0,1863.25,1864.0,8695
2019-04-18 09:00:00,1863.95,1864.0,1863.15,1864.0,3919
2019-04-18 08:45:00,1864.64,1865.23,1863.5,1863.5,8666
2019-04-18 08:30:00,1863.5,1863.5,1863.01,1863.5,3361
2019-04-18 08:15:00,1860.0,1862.0,1859.17,1861.3,4111
2019-04-18 08:00:00,1860.18,1860.8,1860.16,1860.8,1250
2019-04-18 06:45:00,1859.0,1859.0,1859.0,1859.0,130
2019-04-18 05:30:00,1856.5,1857.39,1856.5,1857.39,373
2019-04-18 05:00:00,1856.5,1856.5,1856.5,1856.5,109
2019-04-18 04:15:00,1855.01,1855.01,1855.01,1855.01,465
