time,open,high,low,close,volume
2020-03-13 20:00:00,7.75531949606,7.82509743497,7.6855415571500005,7.7254146651,19540
2020-03-13 19:45:00,7.77525605003,7.77525605003,7.6855415571500005,7.77525605003,9405
2020-03-13 19:30:00,7.80516088099,7.80516088099,7.77525605003,7.77525605003,1265
2020-03-13 19:15:00,7.77525605003,7.8151291579799995,7.77525605003,7.80516088099,6000
2020-03-13 19:00:00,7.80516088099,7.8151291579799995,7.77525605003,7.77525605003,9854
2020-03-13 18:45:00,7.80516088099,7.8151291579799995,7.79519260401,7.8151291579799995,10664
2020-03-13 18:30:00,7.8151291579799995,7.82509743497,7.77525605003,7.79519260401,14480
2020-03-13 18:15:00,7.77525605003,7.79519260401,7.765287773039999,7.765287773039999,12661
2020-03-13 18:00:00,7.7254146651,7.77525605003,7.7254146651,7.75541917883,13286
2020-03-13 17:45:00,7.8550022659300005,7.8550022659300005,7.7254146651,7.7254146651,10170
2020-03-13 17:30:00,7.864970542919999,7.8749388199,7.835065711960001,7.845033988939999,65725
2020-03-13 17:15:00,7.864970542919999,7.8749388199,7.8550022659300005,7.8749388199,55262
2020-03-13 17:00:00,7.835065711960001,7.8749388199,7.77525605003,7.845033988939999,29081
2020-03-13 16:45:00,7.77525605003,7.90484365087,7.67557328016,7.79519260401,121899
2020-03-13 16:30:00,7.78522432702,7.82509743497,7.77525605003,7.77525605003,849612
2020-03-13 16:15:00,7.775455415569999,7.89487537388,7.715446388110001,7.77525605003,62313
2020-03-13 16:00:00,7.4663391462,7.90484365087,7.466239463430001,7.82509743497,10480290
2020-03-13 15:45:00,7.4861760174,7.50611257138,7.326683585610001,7.466239463430001,4420772
2020-03-13 15:30:00,7.431350493969999,7.53601740234,7.421382216989999,7.481191878910001,3326135
2020-03-13 15:15:00,7.37154083205,7.5235570561000005,7.366556693560001,7.431350493969999,3474055
2020-03-13 15:00:00,7.4064298015,7.4064298015,7.31671530862,7.3755281428399995,2765606
2020-03-13 14:45:00,7.326683585610001,7.416398078489999,7.276842200669999,7.413906009239999,3267612
2020-03-13 14:30:00,7.39646152452,7.39646152452,7.326683585610001,7.3316677241,2797322
2020-03-13 14:15:00,7.595827064260001,7.595827064260001,7.376524970539999,7.39147738602,3942080
2020-03-13 14:00:00,7.52884024291,7.6257318952199995,7.526049125349999,7.5908429257700005,2529025
2020-03-13 13:45:00,7.5659222333,7.595827064260001,7.47620774042,7.5310332638399995,2875758
2020-03-13 13:30:00,7.42636635548,7.575890510289999,7.39646152452,7.5659222333,2167367
2020-03-13 13:15:00,7.38649324753,7.42636635548,7.336651862589999,7.421382216989999,1756090
2020-03-13 13:00:00,7.441318770960001,7.4861760174,7.356588416569999,7.38649324753,2887162
2020-03-13 12:45:00,7.251921508200001,7.446302909450001,7.23696909272,7.446302909450001,2738564
2020-03-13 12:30:00,7.28182633916,7.29677875465,7.22700081573,7.2569056467,1968272
2020-03-13 12:15:00,7.274549496960001,7.31671530862,7.187127707789999,7.2868104776600005,2873113
2020-03-13 12:00:00,7.21204840025,7.29677875465,7.16719115381,7.271858062180001,3144307
2020-03-13 11:45:00,7.276842200669999,7.30674703163,7.207064261760001,7.21204840025,2940193
2020-03-13 11:30:00,7.39745835222,7.39745835222,7.276842200669999,7.276842200669999,2142784
2020-03-13 11:15:00,7.3142232393699995,7.4064298015,7.2868104776600005,7.401445663010001,3629343
2020-03-13 11:00:00,7.50611257138,7.526049125349999,7.276842200669999,7.30395591408,3916128
2020-03-13 10:45:00,7.5908429257700005,7.6257318952199995,7.4861760174,7.512791316960001,3754191
2020-03-13 10:30:00,7.68055741865,7.75531949606,7.575890510289999,7.5908429257700005,4633325
2020-03-13 10:15:00,7.690525695639999,7.74535121907,7.635700172210001,7.68095614973,4515023
2020-03-13 10:00:00,7.80516088099,7.8550022659300005,7.67557328016,7.690525695639999,5755998
2020-03-13 09:45:00,7.77525605003,8.014494697730001,7.73538294208,7.79519260401,12875519
2020-03-13 09:30:00,7.8749388199,7.91481192785,7.77525605003,7.78522432702,107996
2020-03-13 09:15:00,7.8851064624300005,7.954685035800001,7.8550022659300005,7.8749388199,212619
2020-03-13 09:00:00,7.91481192785,7.924780204839999,7.845033988939999,7.884907096889999,55308
2020-03-13 08:45:00,8.02466234025,8.05436780567,7.924780204839999,7.924780204839999,155170
2020-03-13 08:30:00,7.74535121907,8.0344312517,7.74535121907,8.0344312517,247375
2020-03-13 08:15:00,7.595827064260001,7.775056684489999,7.50611257138,7.74535121907,307140
2020-03-13 08:00:00,7.74535121907,7.765287773039999,7.7254146651,7.75531949606,32751
2020-03-13 07:45:00,7.70547811112,7.74535121907,7.6855415571500005,7.73538294208,29276
2020-03-13 07:30:00,7.615763618239999,7.715446388110001,7.615763618239999,7.69550983413,25876
2020-03-13 07:15:00,7.58585878727,7.615763618239999,7.526049125349999,7.595827064260001,42078
2020-03-13 07:00:00,7.575890510289999,7.575890510289999,7.575890510289999,7.575890510289999,1000
2020-03-13 06:45:00,7.53601740234,7.53601740234,7.516080848360001,7.526049125349999,7653
2020-03-13 06:30:00,7.545985679330001,7.545985679330001,7.545985679330001,7.545985679330001,2337
2020-03-13 06:15:00,7.526049125349999,7.555953956310001,7.526049125349999,7.555953956310001,1100
2020-03-13 06:00:00,7.595827064260001,7.595827064260001,7.595827064260001,7.595827064260001,1000
2020-03-13 05:45:00,7.466239463430001,7.466239463430001,7.42636635548,7.42636635548,1685
2020-03-13 05:30:00,7.356588416569999,7.466239463430001,7.356588416569999,7.466239463430001,3397
2020-03-13 05:15:00,7.366556693560001,7.366556693560001,7.366556693560001,7.366556693560001,200
2020-03-13 05:00:00,7.376524970539999,7.376524970539999,7.376524970539999,7.376524970539999,295
2020-03-13 04:45:00,7.4562711864399995,7.4562711864399995,7.416398078489999,7.416398078489999,3861
2020-03-13 04:30:00,7.4363346324699995,7.47620774042,7.4363346324699995,7.466239463430001,8993
2020-03-13 04:15:00,7.346620139580001,7.65563672619,7.346620139580001,7.47620774042,14329
2020-03-12 20:00:00,6.957857337080001,6.97779389105,6.92795250612,6.937920783110001,20429
2020-03-12 19:45:00,7.037603552979999,7.037603552979999,6.937920783110001,7.017666998999999,54895
2020-03-12 19:30:00,7.02763527599,7.037603552979999,6.97779389105,7.037603552979999,11613
2020-03-12 19:15:00,7.02763527599,7.02763527599,6.987762168039999,7.02763527599,9953
2020-03-12 19:00:00,6.99773044503,7.05754010695,6.96782561407,7.05754010695,24219
2020-03-12 18:45:00,6.9080159521399995,7.017666998999999,6.9080159521399995,6.99773044503,27664
2020-03-12 18:30:00,6.957857337080001,6.97779389105,6.89804767516,6.92795250612,31656
2020-03-12 18:15:00,6.91798422913,7.007698722020001,6.91798422913,6.957857337080001,70106
2020-03-12 18:00:00,6.9080159521399995,6.92795250612,6.87811112118,6.89804767516,49415
2020-03-12 17:45:00,6.96782561407,7.207064261760001,6.8880793981699995,6.9080159521399995,175888
2020-03-12 17:30:00,7.017666998999999,7.02763527599,6.94788906009,6.957857337080001,65044
2020-03-12 17:15:00,7.02763527599,7.02763527599,6.99773044503,7.017666998999999,33949
2020-03-12 17:00:00,7.0974132149,7.0974132149,7.007698722020001,7.02763527599,29966
2020-03-12 16:45:00,7.127318045860001,7.207064261760001,7.07747666093,7.0974132149,106314
2020-03-12 16:30:00,7.177159430800001,7.207064261760001,7.127318045860001,7.157222876819999,117440
2020-03-12 16:15:00,7.207064261760001,7.207064261760001,7.08744493791,7.207064261760001,155626
2020-03-12 16:00:00,7.29179461615,7.336651862589999,7.19709598477,7.207064261760001,13309948
2020-03-12 15:45:00,7.29179461615,7.366556693560001,7.2868104776600005,7.29179461615,5734427
2020-03-12 15:30:00,7.326683585610001,7.326683585610001,7.23696909272,7.29179461615,5023365
2020-03-12 15:15:00,7.28182633916,7.4064298015,7.276842200669999,7.326683585610001,3022395
2020-03-12 15:00:00,7.276842200669999,7.356588416569999,7.26687392368,7.2868104776600005,3228651
2020-03-12 14:45:00,7.30664734886,7.346620139580001,7.23696909272,7.271858062180001,2828207
2020-03-12 14:30:00,7.41141394,7.4363346324699995,7.276842200669999,7.30674703163,3730078
2020-03-12 14:15:00,7.526049125349999,7.53601740234,7.3965612072899996,7.41629839572,3596323
2020-03-12 14:00:00,7.516080848360001,7.615763618239999,7.466239463430001,7.526049125349999,3560453
2020-03-12 13:45:00,7.7403670805800004,7.75531949606,7.466239463430001,7.511096709869999,4275453
2020-03-12 13:30:00,7.4911601559,7.74535121907,7.4562711864399995,7.7403670805800004,6177491
2020-03-12 13:15:00,7.29677875465,7.60579534125,7.23696909272,7.4861760174,8218226
2020-03-12 13:00:00,7.037603552979999,7.435636853080001,7.02763527599,7.29747653403,5960849
2020-03-12 12:45:00,7.15732255959,7.16719115381,7.037603552979999,7.0377032357500005,4279539
2020-03-12 12:30:00,7.08744493791,7.187127707789999,7.07747666093,7.162207015319999,3054161
2020-03-12 12:15:00,7.23696909272,7.24693736971,7.067508383939999,7.082460799419999,3870055
2020-03-12 12:00:00,7.15223873833,7.24693736971,7.07747666093,7.24693736971,3742670
2020-03-12 11:45:00,7.187127707789999,7.21703253875,7.13728632285,7.15164064171,4516453
2020-03-12 11:30:00,7.05754010695,7.187127707789999,7.05754010695,7.184436272999999,4337667
2020-03-12 11:15:00,7.1173497688800005,7.14725459984,7.05754010695,7.06132805221,5059095
2020-03-12 11:00:00,7.06252424545,7.14725459984,7.047571829960001,7.12662026647,6207906
2020-03-12 10:45:00,6.96782561407,7.1173497688800005,6.957857337080001,7.05754010695,6085300
2020-03-12 10:30:00,6.88309525968,6.99773044503,6.80833318227,6.972809752560001,8971307
2020-03-12 10:15:00,7.08744493791,7.23696909272,6.87811112118,6.88309525968,13194066
2020-03-12 10:00:00,7.366556693560001,7.366556693560001,7.05754010695,7.07747666093,6757354
2020-03-12 09:45:00,7.207064261760001,7.446302909450001,7.207064261760001,7.37154083205,10244223
2020-03-12 09:30:00,7.07747666093,7.21703253875,7.007698722020001,7.21703253875,248121
2020-03-12 09:15:00,7.177159430800001,7.22700081573,7.07747666093,7.07747666093,277351
2020-03-12 09:00:00,7.207064261760001,7.21703253875,7.037603552979999,7.16719115381,237376
2020-03-12 08:45:00,7.14725459984,7.26687392368,7.14725459984,7.21703253875,182282
2020-03-12 08:30:00,7.16719115381,7.207064261760001,7.09731353213,7.16699178827,157799
2020-03-12 08:15:00,7.60579534125,7.67557328016,7.0974132149,7.16719115381,522048
2020-03-12 08:00:00,7.23696909272,7.2569056467,7.08744493791,7.16719115381,113529
2020-03-12 07:45:00,7.4363346324699995,7.4363346324699995,7.23696909272,7.23696909272,124835
2020-03-12 07:30:00,7.53601740234,7.53601740234,7.356588416569999,7.4562711864399995,114293
2020-03-12 07:15:00,7.6456684491999996,7.82509743497,7.496144294389999,7.526049125349999,125277
2020-03-12 07:00:00,7.6257318952199995,7.6257318952199995,7.6257318952199995,7.6257318952199995,2500
2020-03-12 06:30:00,7.615763618239999,7.615763618239999,7.615763618239999,7.615763618239999,660
2020-03-12 06:15:00,7.60579534125,7.6257318952199995,7.60579534125,7.6257318952199995,1044
2020-03-12 06:00:00,7.6456684491999996,7.6456684491999996,7.6456684491999996,7.6456684491999996,1046
2020-03-12 05:45:00,7.595827064260001,7.595827064260001,7.58585878727,7.58585878727,4138
2020-03-12 05:30:00,7.595827064260001,7.595827064260001,7.595827064260001,7.595827064260001,300
2020-03-12 05:15:00,7.6257318952199995,7.665605003169999,7.6257318952199995,7.6257318952199995,5700
2020-03-12 05:00:00,7.7254146651,7.7254146651,7.575890510289999,7.575890510289999,11326
2020-03-12 04:45:00,7.75531949606,7.75531949606,7.7254146651,7.7254146651,2403
2020-03-12 04:30:00,7.8749388199,7.8749388199,7.75531949606,7.75531949606,1535
2020-03-12 04:15:00,7.90484365087,7.90484365087,7.715446388110001,7.74535121907,21374
2020-03-11 20:00:00,8.223828514460001,8.253733345419999,8.20389196048,8.20389196048,25150
2020-03-11 19:45:00,8.243765068430001,8.273669899389999,8.223828514460001,8.253733345419999,14002
2020-03-11 19:30:00,8.273669899389999,8.29360645337,8.23379679144,8.253733345419999,10800
2020-03-11 19:15:00,8.26370162241,8.28363817638,8.26370162241,8.273669899389999,15952
2020-03-11 19:00:00,8.26370162241,8.26370162241,8.253733345419999,8.26370162241,9802
2020-03-11 18:45:00,8.26370162241,8.29360645337,8.253733345419999,8.28363817638,37706
2020-03-11 18:30:00,8.223828514460001,8.323511284330001,8.213959920239999,8.26370162241,24117
2020-03-11 18:15:00,8.20389196048,8.223828514460001,8.19392368349,8.203991643250001,2072409
2020-03-11 18:00:00,8.20389196048,8.20389196048,8.19392368349,8.20389196048,4918
2020-03-11 17:45:00,8.20389196048,8.20389196048,8.19392368349,8.19392368349,20909
2020-03-11 17:30:00,8.21386023747,8.21386023747,8.19392368349,8.20389196048,17994
2020-03-11 17:15:00,8.20389196048,8.243765068430001,8.20389196048,8.20389196048,26529
2020-03-11 17:00:00,8.223828514460001,8.223828514460001,8.20369259494,8.20389196048,6478
2020-03-11 16:45:00,8.21386023747,8.243765068430001,8.21386023747,8.23379679144,25483
2020-03-11 16:30:00,8.223828514460001,8.223828514460001,8.18395540651,8.21386023747,27446
2020-03-11 16:15:00,8.223828514460001,8.223828514460001,8.18395540651,8.21386023747,1371659
2020-03-11 16:00:00,8.21386023747,8.582686486,8.13411402157,8.17398712952,11948030
2020-03-11 15:45:00,8.20389196048,8.28363817638,8.18395540651,8.20887609898,6311194
2020-03-11 15:30:00,8.19392368349,8.23379679144,8.13411402157,8.21386023747,5829508
2020-03-11 15:15:00,8.28363817638,8.29360645337,8.18395540651,8.198907821989998,4342902
2020-03-11 15:00:00,8.30855886885,8.333479561319999,8.253733345419999,8.27865403789,3342665
2020-03-11 14:45:00,8.27865403789,8.37335266926,8.273669899389999,8.30367441312,2849397
2020-03-11 14:30:00,8.28842294933,8.311050938089998,8.243765068430001,8.28363817638,2552919
2020-03-11 14:15:00,8.41322577721,8.43316233119,8.27865403789,8.28363817638,2921440
2020-03-11 14:00:00,8.38332094625,8.453098885160001,8.38332094625,8.40425432793,2031314
2020-03-11 13:45:00,8.4231940542,8.453098885160001,8.37335266926,8.38830508475,1467648
2020-03-11 13:30:00,8.37833680776,8.44313060818,8.37335266926,8.4231940542,1923896
2020-03-11 13:15:00,8.473035439139998,8.48300371612,8.353416115289999,8.37335266926,3018739
2020-03-11 13:00:00,8.438146469680001,8.49297199311,8.43316233119,8.47801957763,2173357
2020-03-11 12:45:00,8.532845101060001,8.55278165503,8.42817819269,8.438146469680001,2415219
2020-03-11 12:30:00,8.587670624489999,8.63252787093,8.52287682407,8.53782923955,2169630
2020-03-11 12:15:00,8.532346687210001,8.60262303997,8.5029402701,8.587670624489999,1893607
2020-03-11 12:00:00,8.50792440859,8.542813378049999,8.473035439139998,8.532845101060001,1818784
2020-03-11 11:45:00,8.448114746669999,8.562749932020001,8.4231940542,8.5029402701,2581493
2020-03-11 11:30:00,8.47622528777,8.48300371612,8.41601689477,8.44542331188,3288077
2020-03-11 11:15:00,8.473035439139998,8.52287682407,8.418209915710001,8.47801957763,3397548
2020-03-11 11:00:00,8.46306716215,8.49297199311,8.393289223239998,8.473035439139998,3778246
2020-03-11 10:45:00,8.49297199311,8.52287682407,8.453098885160001,8.45808302366,3200206
2020-03-11 10:30:00,8.52287682407,8.542813378049999,8.473035439139998,8.49795613161,2433882
2020-03-11 10:15:00,8.49795613161,8.542813378049999,8.44313060818,8.52786096257,4492635
2020-03-11 10:00:00,8.53782923955,8.562749932020001,8.48300371612,8.49695930391,3177993
2020-03-11 09:45:00,8.59265476298,8.62255959395,8.46306716215,8.542813378049999,9163097
2020-03-11 09:30:00,8.5029402701,8.612591316960001,8.5029402701,8.612591316960001,75157
2020-03-11 09:15:00,8.44313060818,8.5029402701,8.44313060818,8.5029402701,79340
2020-03-11 09:00:00,8.48300371612,8.49297199311,8.453098885160001,8.453098885160001,28891
2020-03-11 08:45:00,8.49297199311,8.5029402701,8.44313060818,8.473035439139998,43305
2020-03-11 08:30:00,8.53274541829,8.53274541829,8.48300371612,8.48300371612,17175
2020-03-11 08:15:00,8.57271820901,8.612591316960001,8.473035439139998,8.52287682407,102771
2020-03-11 08:00:00,8.5029402701,8.5029402701,8.48300371612,8.5029402701,5791
2020-03-11 07:45:00,8.562749932020001,8.57271820901,8.51290854709,8.51290854709,18460
2020-03-11 07:30:00,8.59265476298,8.612591316960001,8.542813378049999,8.57271820901,29148
2020-03-11 07:15:00,8.55278165503,8.60262303997,8.51290854709,8.57271820901,21229
2020-03-11 05:45:00,8.5029402701,8.52287682407,8.44313060818,8.44313060818,3494
2020-03-11 05:00:00,8.65246442491,8.65246442491,8.65246442491,8.65246442491,200
2020-03-11 04:30:00,8.63252787093,8.63252787093,8.57271820901,8.57271820901,1210
2020-03-11 04:15:00,8.62255959395,8.62255959395,8.612591316960001,8.612591316960001,397
2020-03-10 20:00:00,8.612491634189999,8.67240097888,8.59255508021,8.61269099973,17328
2020-03-10 19:45:00,8.612591316960001,8.62255959395,8.59265476298,8.59265476298,5082
2020-03-10 19:30:00,8.64249614792,8.67240097888,8.59265476298,8.60262303997,13871
2020-03-10 19:15:00,8.68236925587,8.70230580984,8.66243270189,8.66243270189,9862
2020-03-10 19:00:00,8.712274086830002,8.712274086830002,8.69233753286,8.69233753286,12477
2020-03-10 18:45:00,8.72224236382,8.74217891779,8.712274086830002,8.72224236382,17421
2020-03-10 18:30:00,8.72224236382,8.762115471769999,8.712274086830002,8.762115471769999,8464
2020-03-10 18:15:00,8.762115471769999,8.79202030273,8.712274086830002,8.72224236382,3984
2020-03-10 18:00:00,8.762115471769999,8.79202030273,8.762115471769999,8.762115471769999,18655
2020-03-10 17:45:00,8.762115471769999,8.782052025739999,8.72224236382,8.762115471769999,38605
2020-03-10 17:30:00,8.77208374875,8.782052025739999,8.72224236382,8.762115471769999,18139
2020-03-10 17:15:00,8.7818526602,8.782052025739999,8.762115471769999,8.762115471769999,12400
2020-03-10 17:00:00,8.7818526602,8.782052025739999,8.762115471769999,8.762115471769999,16199
2020-03-10 16:45:00,8.7818526602,8.79202030273,8.77208374875,8.782052025739999,24113
2020-03-10 16:30:00,8.782052025739999,8.79202030273,8.77208374875,8.782052025739999,30658
2020-03-10 16:15:00,8.82192513369,8.82192513369,8.7322106408,8.782052025739999,240858
2020-03-10 16:00:00,8.712274086830002,8.82192513369,8.70230580984,8.82192513369,8698196
2020-03-10 15:45:00,8.6160802139,8.72224236382,8.612591316960001,8.712274086830002,5745769
2020-03-10 15:30:00,8.57271820901,8.64249614792,8.55278165503,8.61757545545,3640726
2020-03-10 15:15:00,8.5029402701,8.612591316960001,8.473035439139998,8.567734070519998,3064831
2020-03-10 15:00:00,8.532845101060001,8.612591316960001,8.473035439139998,8.49795613161,3564773
2020-03-10 14:45:00,8.43415915889,8.532845101060001,8.43415915889,8.532845101060001,2873843
2020-03-10 14:30:00,8.32849542282,8.44313060818,8.31354300734,8.438146469680001,2937681
2020-03-10 14:15:00,8.298590591860002,8.33248273362,8.243765068430001,8.323511284330001,3129363
2020-03-10 14:00:00,8.31852714584,8.323511284330001,8.28363817638,8.30357473035,1934988
2020-03-10 13:45:00,8.31942429076,8.353416115289999,8.28363817638,8.31852714584,3193291
2020-03-10 13:30:00,8.30855886885,8.36338439228,8.29360645337,8.313642690110001,2747382
2020-03-10 13:15:00,8.238780929939999,8.31354300734,8.188939545,8.31354300734,2087490
2020-03-10 13:00:00,8.253733345419999,8.273669899389999,8.21386023747,8.24097395087,1676131
2020-03-10 12:45:00,8.23379679144,8.253733345419999,8.18395540651,8.246954917070001,1979703
2020-03-10 12:30:00,8.348431976799999,8.36338439228,8.23379679144,8.238780929939999,2053845
2020-03-10 12:15:00,8.18395540651,8.353416115289999,8.17398712952,8.353416115289999,2595166
2020-03-10 12:00:00,8.21386023747,8.253733345419999,8.17398712952,8.18395540651,2255483
2020-03-10 11:45:00,8.22482534216,8.23379679144,8.13411402157,8.218844375960002,4443529
2020-03-10 11:30:00,8.37335266926,8.38332094625,8.223828514460001,8.23369710867,2189744
2020-03-10 11:15:00,8.448114746669999,8.453098885160001,8.37335266926,8.37335266926,2326721
2020-03-10 11:00:00,8.47801957763,8.48300371612,8.44313060818,8.44313060818,3267130
2020-03-10 10:45:00,8.5777023475,8.582686486,8.473035439139998,8.47801957763,3719753
2020-03-10 10:30:00,8.65246442491,8.65246442491,8.57271820901,8.5777023475,2999199
2020-03-10 10:15:00,8.60262303997,8.68236925587,8.582686486,8.64748028641,4398949
2020-03-10 10:00:00,8.52287682407,8.622659276719999,8.5029402701,8.60282240551,5445630
2020-03-10 09:45:00,8.752147194780001,8.80198857972,8.52287682407,8.52516952778,10104030
2020-03-10 09:30:00,8.712274086830002,8.77208374875,8.70230580984,8.762115471769999,97772
2020-03-10 09:15:00,8.72224236382,8.762115471769999,8.68236925587,8.712274086830002,87798
2020-03-10 09:00:00,8.612591316960001,8.7322106408,8.612591316960001,8.7322106408,50577
2020-03-10 08:45:00,8.63252787093,8.66243270189,8.59265476298,8.612591316960001,55690
2020-03-10 08:30:00,8.64249614792,8.68236925587,8.62255959395,8.62275895949,29325
2020-03-10 08:15:00,8.69233753286,8.74217891779,8.57271820901,8.67240097888,212060
2020-03-10 08:00:00,8.7322106408,8.77208374875,8.69233753286,8.72224236382,74231
2020-03-10 07:45:00,8.66243270189,8.7322106408,8.65246442491,8.7322106408,23436
2020-03-10 07:30:00,8.70230580984,8.70230580984,8.62255959395,8.65246442491,15969
2020-03-10 07:15:00,8.62255959395,8.70230580984,8.542813378049999,8.70230580984,47605
2020-03-10 07:00:00,8.64249614792,8.64249614792,8.57271820901,8.64249614792,13940
2020-03-10 06:45:00,8.59265476298,8.59265476298,8.59265476298,8.59265476298,200
2020-03-10 06:30:00,8.72224236382,8.72224236382,8.542813378049999,8.542813378049999,2397
2020-03-10 06:15:00,8.72224236382,8.72224236382,8.72224236382,8.72224236382,400
2020-03-10 06:00:00,8.70230580984,8.74217891779,8.70230580984,8.74217891779,3209
2020-03-10 05:45:00,8.63252787093,8.67240097888,8.63252787093,8.67240097888,1650
2020-03-10 05:15:00,8.72224236382,8.74217891779,8.62255959395,8.62255959395,700
2020-03-10 05:00:00,8.532845101060001,8.62255959395,8.532845101060001,8.62255959395,10619
2020-03-10 04:30:00,8.48300371612,8.48300371612,8.43316233119,8.43316233119,4883
2020-03-10 04:15:00,8.57271820901,8.57271820901,8.473035439139998,8.473035439139998,300
2020-03-09 20:00:00,8.343447838300001,8.4231940542,8.323511284330001,8.4231940542,41016
2020-03-09 19:45:00,8.26370162241,8.37335266926,8.22392819723,8.34334815553,17906
2020-03-09 19:30:00,8.253733345419999,8.253733345419999,8.21386023747,8.23379679144,58956
2020-03-09 19:15:00,8.12414574458,8.273669899389999,8.12414574458,8.273669899389999,66236
2020-03-09 19:00:00,8.104209190610002,8.12414574458,8.09424091362,8.12414574458,72472
2020-03-09 18:45:00,8.07430435965,8.12414574458,8.05436780567,8.104209190610002,31285
2020-03-09 18:30:00,8.08427263664,8.104209190610002,8.07430435965,8.07430435965,16644
2020-03-09 18:15:00,8.12414574458,8.12414574458,8.07430435965,8.09424091362,23072
2020-03-09 18:00:00,8.09424091362,8.12414574458,8.08427263664,8.104209190610002,25051
2020-03-09 17:45:00,8.1141774676,8.12414574458,8.08427263664,8.09424091362,23715
2020-03-09 17:30:00,8.1141774676,8.142088643160001,8.08427263664,8.12414574458,21516
2020-03-09 17:15:00,8.1141774676,8.18395540651,8.08427263664,8.1141774676,223473
2020-03-09 17:00:00,8.15405057555,8.16401885253,8.1141774676,8.1141774676,74710
2020-03-09 16:45:00,8.17398712952,8.18395540651,8.12414574458,8.15405057555,640024
2020-03-09 16:30:00,8.223828514460001,8.223828514460001,8.17398712952,8.17398712952,78500
2020-03-09 16:15:00,8.21386023747,8.223828514460001,8.18395540651,8.223828514460001,215017
2020-03-09 16:00:00,8.20887609898,8.26370162241,8.17398712952,8.18395540651,13294831
2020-03-09 15:45:00,8.25871748391,8.26370162241,8.17398712952,8.20389196048,4902150
2020-03-09 15:30:00,8.21186658207,8.28363817638,8.19392368349,8.253733345419999,3931251
2020-03-09 15:15:00,8.18395540651,8.223828514460001,8.16401885253,8.20887609898,3424799
2020-03-09 15:00:00,8.13909816007,8.218844375960002,8.12414574458,8.18475286867,5087151
2020-03-09 14:45:00,8.13411402157,8.18395540651,8.12414574458,8.13909816007,3521073
2020-03-09 14:30:00,8.14049371884,8.21386023747,8.13411402157,8.13411402157,3124619
2020-03-09 14:15:00,8.149066437050001,8.15405057555,8.08427263664,8.13909816007,4093525
2020-03-09 14:00:00,8.1091933291,8.16401885253,8.104209190610002,8.149066437050001,5831885
2020-03-09 13:45:00,8.22881265295,8.23379679144,8.104209190610002,8.1091933291,4498617
2020-03-09 13:30:00,8.32849542282,8.333479561319999,8.223828514460001,8.23339806036,2555905
2020-03-09 13:15:00,8.31852714584,8.353416115289999,8.29360645337,8.327299229580001,2689858
2020-03-09 13:00:00,8.335971630560001,8.353416115289999,8.30357473035,8.31852714584,2261987
2020-03-09 12:45:00,8.393289223239998,8.41322577721,8.333479561319999,8.338463699810001,2635313
2020-03-09 12:30:00,8.53782923955,8.562749932020001,8.393289223239998,8.393289223239998,2858300
2020-03-09 12:15:00,8.47801957763,8.57271820901,8.473035439139998,8.542813378049999,3066030
2020-03-09 12:00:00,8.438146469680001,8.49297199311,8.4231940542,8.48300371612,2807822
2020-03-09 11:45:00,8.40824163872,8.453098885160001,8.37833680776,8.43316233119,2874361
2020-03-09 11:30:00,8.348431976799999,8.41322577721,8.343447838300001,8.40824163872,3204638
2020-03-09 11:15:00,8.418209915710001,8.43316233119,8.323511284330001,8.348431976799999,3998703
2020-03-09 11:00:00,8.4231940542,8.46306716215,8.38332094625,8.41322577721,3616934
2020-03-09 10:45:00,8.46805130064,8.48300371612,8.40325750023,8.43316233119,5600215
2020-03-09 10:30:00,8.55278165503,8.59265476298,8.46306716215,8.46805130064,4596307
2020-03-09 10:15:00,8.5029402701,8.63751200943,8.49297199311,8.542813378049999,6380025
2020-03-09 10:00:00,8.19392368349,8.57271820901,8.17398712952,8.49297199311,6224773
2020-03-09 09:45:00,8.30357473035,8.323511284330001,8.12414574458,8.18933827608,9009307
2020-03-09 09:30:00,8.3133436418,8.323311918789999,8.223828514460001,8.30357473035,89780
2020-03-09 09:15:00,8.453098885160001,8.453098885160001,8.30357473035,8.3133436418,190370
2020-03-09 09:00:00,8.37335266926,8.453098885160001,8.37335266926,8.453098885160001,98641
2020-03-09 08:45:00,8.343447838300001,8.393289223239998,8.343447838300001,8.37335266926,110513
2020-03-09 08:30:00,8.43316233119,8.46306716215,8.27347053385,8.36338439228,83984
2020-03-09 08:15:00,8.532845101060001,8.8119568567,8.453098885160001,8.453098885160001,277554
2020-03-09 08:00:00,8.542813378049999,8.57271820901,8.5029402701,8.532845101060001,39268
2020-03-09 07:45:00,8.57271820901,8.62255959395,8.52287682407,8.55278165503,57284
2020-03-09 07:30:00,8.66243270189,8.69233753286,8.57271820901,8.612591316960001,23786
2020-03-09 07:15:00,8.66243270189,8.92160790356,8.62255959395,8.67240097888,122710
2020-03-09 07:00:00,8.64249614792,8.64249614792,8.64249614792,8.64249614792,600
2020-03-09 06:45:00,8.63252787093,8.70230580984,8.63252787093,8.66243270189,2376
2020-03-09 06:30:00,8.67240097888,8.67240097888,8.67240097888,8.67240097888,821
2020-03-09 06:15:00,8.67240097888,8.712274086830002,8.67240097888,8.712274086830002,49367
2020-03-09 06:00:00,8.712274086830002,8.712274086830002,8.64249614792,8.67240097888,11682
2020-03-09 05:45:00,8.67240097888,8.712274086830002,8.67240097888,8.712274086830002,1761
2020-03-09 05:30:00,8.712274086830002,8.712274086830002,8.712274086830002,8.712274086830002,134
2020-03-09 05:15:00,8.582686486,8.62255959395,8.582686486,8.62255959395,5694
2020-03-09 05:00:00,8.62255959395,8.62255959395,8.582686486,8.582686486,450
2020-03-09 04:45:00,8.63252787093,8.712274086830002,8.582686486,8.62255959395,45241
2020-03-09 04:30:00,8.582686486,8.62255959395,8.48300371612,8.57271820901,18914
2020-03-09 04:15:00,9.03125895042,9.03125895042,8.72224236382,8.82192513369,12338
2020-03-06 20:00:00,9.28036619233,9.30040242908,9.270497598110001,9.29043415209,8757
2020-03-06 19:45:00,9.30040242908,9.31027102329,9.280465875099999,9.29043415209,2900
2020-03-06 19:30:00,9.32033898305,9.33030726004,9.280465875099999,9.280465875099999,12757
2020-03-06 19:15:00,9.33030726004,9.33030726004,9.33030726004,9.33030726004,1300
2020-03-06 19:00:00,9.33030726004,9.33030726004,9.32033898305,9.32033898305,8572
2020-03-06 18:45:00,9.33030726004,9.340275537030001,9.32033898305,9.33030726004,4135
2020-03-06 18:30:00,9.340275537030001,9.340275537030001,9.33030726004,9.33030726004,3450
2020-03-06 18:15:00,9.370180367989999,9.370180367989999,9.33030726004,9.340275537030001,16473
2020-03-06 18:00:00,9.370180367989999,9.370180367989999,9.360212091000001,9.370180367989999,20556
2020-03-06 17:45:00,9.37008068522,9.370180367989999,9.35024381401,9.370180367989999,31715
2020-03-06 17:30:00,9.360212091000001,9.360212091000001,9.35024381401,9.360212091000001,14068
2020-03-06 17:15:00,9.370180367989999,9.370180367989999,9.35024381401,9.360212091000001,10567
2020-03-06 17:00:00,9.370180367989999,9.370180367989999,9.35024381401,9.35024381401,17120
2020-03-06 16:45:00,9.35024381401,9.370180367989999,9.340275537030001,9.36011240823,54612
2020-03-06 16:30:00,9.35024381401,9.370180367989999,9.33030726004,9.35024381401,218974
2020-03-06 16:15:00,9.370180367989999,9.370180367989999,9.33030726004,9.350144131239999,867086
2020-03-06 16:00:00,9.30538656757,9.39510106046,9.26052932113,9.360212091000001,13380127
2020-03-06 15:45:00,9.30538656757,9.370180367989999,9.220656213180002,9.30538656757,5949432
2020-03-06 15:30:00,9.21068793619,9.33668695731,9.21068793619,9.30538656757,4326382
2020-03-06 15:15:00,9.220656213180002,9.57951418472,9.17081482824,9.21068793619,3851775
2020-03-06 15:00:00,9.19972283151,9.24059276715,9.15087827427,9.220656213180002,4234935
2020-03-06 14:45:00,9.27548173661,9.29990401523,9.17081482824,9.19075138222,3251512
2020-03-06 14:30:00,9.30538656757,9.32033898305,9.23062449017,9.27548173661,2596349
2020-03-06 14:15:00,9.30040242908,9.315354844560002,9.23062449017,9.30538656757,5569435
2020-03-06 14:00:00,9.47983141485,9.489799691830001,9.30040242908,9.30538656757,4144961
2020-03-06 13:45:00,9.469863137860001,9.50973624581,9.45989486087,9.47983141485,2786081
2020-03-06 13:30:00,9.47983141485,9.5197045228,9.45989486087,9.469863137860001,1689714
2020-03-06 13:15:00,9.42999002991,9.48481555334,9.420021752919999,9.47743902837,2111127
2020-03-06 13:00:00,9.49478383033,9.5197045228,9.420021752919999,9.42500589142,2296023
2020-03-06 12:45:00,9.424208429260002,9.49976796882,9.420021752919999,9.492590809389998,1725785
2020-03-06 12:30:00,9.44833165957,9.45989486087,9.360212091000001,9.42699954681,3049125
2020-03-06 12:15:00,9.4349741684,9.44992658388,9.38014864497,9.44932848727,3693646
2020-03-06 12:00:00,9.47484727635,9.487008574279999,9.41005347594,9.42999002991,3121356
2020-03-06 11:45:00,9.48481555334,9.49976796882,9.40008519895,9.47484727635,6008977
2020-03-06 11:30:00,9.52967279978,9.549609353760001,9.439958306900001,9.48481555334,4202964
2020-03-06 11:15:00,9.5944666002,9.599450738689999,9.469863137860001,9.52468866129,4531383
2020-03-06 11:00:00,9.63433970815,9.65926040062,9.53964107677,9.58948246171,3720391
2020-03-06 10:45:00,9.61938729267,9.69913350857,9.56954590773,9.63433970815,5085190
2020-03-06 10:30:00,9.5147203843,9.66424453911,9.50973624581,9.62437143116,6252809
2020-03-06 10:15:00,9.340275537030001,9.53964107677,9.33030726004,9.5197045228,10757893
2020-03-06 10:00:00,9.38513278347,9.41005347594,9.31037070606,9.340275537030001,10092972
2020-03-06 09:45:00,9.709101785549999,9.729038339530002,9.18078310523,9.39011692196,21972640
2020-03-06 09:30:00,9.61101394,9.709101785549999,9.58948246171,9.709101785549999,234006
2020-03-06 09:15:00,9.67919695459,9.69913350857,9.61938729267,9.62935556965,61248
2020-03-06 09:00:00,9.65926040062,9.70920146832,9.599450738689999,9.68916523158,67703
2020-03-06 08:45:00,9.65926040062,9.69913350857,9.62935556965,9.65926040062,80853
2020-03-06 08:30:00,9.6692286776,9.68916523158,9.63952321218,9.64929212363,71140
2020-03-06 08:15:00,9.75904285326,9.76891144748,9.63932384664,9.65926040062,162294
2020-03-06 08:00:00,9.729038339530002,9.729038339530002,9.6692286776,9.67919695459,28541
2020-03-06 07:45:00,9.729038339530002,9.7489748935,9.729038339530002,9.73900661651,2156
2020-03-06 07:30:00,9.76891144748,9.76891144748,9.729038339530002,9.73900661651,13041
2020-03-06 07:15:00,9.729038339530002,9.93837215626,9.64929212363,9.75894317049,43445
2020-03-06 07:00:00,9.6692286776,9.6692286776,9.61938729267,9.6692286776,2417
2020-03-06 06:45:00,9.6692286776,9.6692286776,9.58948246171,9.62935556965,5932
2020-03-06 06:30:00,9.6692286776,9.6692286776,9.6692286776,9.6692286776,900
2020-03-06 06:15:00,9.71907006254,9.75894317049,9.6692286776,9.6692286776,16174
2020-03-06 06:00:00,9.73900661651,9.73900661651,9.6692286776,9.71907006254,9258
2020-03-06 05:45:00,9.76891144748,9.76891144748,9.76891144748,9.76891144748,8600
2020-03-06 05:30:00,9.778879724460001,9.778879724460001,9.71907006254,9.76891144748,6693
2020-03-06 05:15:00,9.89849904831,9.89849904831,9.81875283241,9.81875283241,2590
2020-03-06 05:00:00,9.91843560228,10.0081500952,9.91843560228,9.93837215626,900
2020-03-06 04:30:00,10.0181183722,10.0181183722,9.98821354119,9.98821354119,506
2020-03-06 04:15:00,10.0181183722,10.0181183722,10.0181183722,10.0181183722,911
2020-03-05 20:00:00,10.1269643297,10.1369220134,10.0970912786,10.1070489623,36959
2020-03-05 19:45:00,10.1767527482,10.1767527482,10.1269643297,10.1269643297,21513
2020-03-05 19:30:00,10.1667950645,10.1966681156,10.1568373808,10.1867104319,22697
2020-03-05 19:15:00,10.1070489623,10.1569369577,10.087133594900001,10.1569369577,36488
2020-03-05 19:00:00,10.117006646,10.117006646,10.1070489623,10.1070489623,17987
2020-03-05 18:45:00,10.117006646,10.1269643297,10.1070489623,10.1171062228,10744
2020-03-05 18:30:00,10.0771759112,10.117006646,10.0771759112,10.117006646,8803
2020-03-05 18:15:00,10.117006646,10.1269643297,10.087034017999999,10.087133594900001,11136
2020-03-05 18:00:00,10.0770763343,10.1070489623,10.0572605437,10.1070489623,13418
2020-03-05 17:45:00,10.0572605437,10.0771759112,10.0572605437,10.0771759112,15237
2020-03-05 17:30:00,10.0771759112,10.1069493854,10.0574596974,10.0970912786,52190
2020-03-05 17:15:00,10.0970912786,10.146879697100001,10.0770763343,10.0771759112,44234
2020-03-05 17:00:00,10.087133594900001,10.1070489623,10.0771759112,10.0970912786,29077
2020-03-05 16:45:00,10.0771759112,10.0771759112,10.04730286,10.0672182275,19738
2020-03-05 16:30:00,10.027387492599999,10.0771759112,10.027387492599999,10.0771759112,21443
2020-03-05 16:15:00,10.0074721252,10.0572605437,9.9875567578,10.027387492599999,1636032
2020-03-05 16:00:00,9.97759907409,10.0672182275,9.947726022969999,10.0423240182,15879994
2020-03-05 15:45:00,9.91785297185,9.992535599650001,9.90789528815,9.97262023224,6932542
2020-03-05 15:30:00,9.95768370668,9.95768370668,9.90789528815,9.91785297185,5278103
2020-03-05 15:15:00,10.0074721252,10.04730286,9.937768339269999,9.95270486483,4246100
2020-03-05 15:00:00,10.0024932834,10.027387492599999,9.97759907409,10.0074721252,2422226
2020-03-05 14:45:00,10.0024932834,10.0572605437,9.9875567578,10.0024932834,2542218
2020-03-05 14:30:00,10.064430076,10.064430076,9.91785297185,10.0055801653,6201231
2020-03-05 14:15:00,10.0622393856,10.0771759112,10.0074721252,10.0622393856,2292142
2020-03-05 14:00:00,10.082154753,10.1269643297,10.027387492599999,10.0622393856,2457647
2020-03-05 13:45:00,10.082154753,10.1369220134,10.0323663345,10.082154753,3173964
2020-03-05 13:30:00,10.0672182275,10.0970912786,9.99751444151,10.0813581383,4275052
2020-03-05 13:15:00,10.1817315901,10.1966681156,10.0572605437,10.0672182275,4019841
2020-03-05 13:00:00,10.1667950645,10.226541166799999,10.146879697100001,10.1817315901,2944990
2020-03-05 12:45:00,10.2663719016,10.2763295853,10.1667950645,10.1717739064,3676098
2020-03-05 12:30:00,10.3460333712,10.3659487387,10.2663719016,10.2763295853,2512827
2020-03-05 12:15:00,10.3772009212,10.3858641061,10.2763295853,10.3460333712,2918083
2020-03-05 12:00:00,10.3908429479,10.4157371572,10.3659487387,10.3808852642,1572308
2020-03-05 11:45:00,10.4505890502,10.4754832594,10.3858641061,10.3958217898,1999979
2020-03-05 11:30:00,10.4804621013,10.485440943099999,10.4256948409,10.4505890502,2138182
2020-03-05 11:15:00,10.465525575700001,10.4953986268,10.455567892000001,10.4754832594,1748725
2020-03-05 11:00:00,10.4528793174,10.5046592727,10.4356525246,10.470504417599999,1467473
2020-03-05 10:45:00,10.4876316336,10.5202928361,10.4256948409,10.4456102083,1356186
2020-03-05 10:30:00,10.4953986268,10.535229361699999,10.4356525246,10.490419785,2229855
2020-03-05 10:15:00,10.4356525246,10.5053563105,10.3659487387,10.5003774687,2663261
2020-03-05 10:00:00,10.5850177802,10.589996622100001,10.3559910549,10.4306736827,5028735
2020-03-05 09:45:00,10.5551447291,10.6845946173,10.465525575700001,10.5850177802,8046309
2020-03-05 09:30:00,10.6148908313,10.6148908313,10.5053563105,10.525271678,122900
2020-03-05 09:15:00,10.6447638824,10.6447638824,10.5850177802,10.6148908313,45331
2020-03-05 09:00:00,10.6646792499,10.6845946173,10.6148908313,10.6447638824,50387
2020-03-05 08:45:00,10.6348061987,10.6746369336,10.624848515,10.654721566100001,29864
2020-03-05 08:30:00,10.714467668400001,10.7244253521,10.6348061987,10.6348061987,30079
2020-03-05 08:15:00,10.7443407195,10.7443407195,10.6348061987,10.7045099847,73479
2020-03-05 08:00:00,10.7045099847,10.7045099847,10.694552301,10.694552301,11205
2020-03-05 07:45:00,10.694552301,10.7045099847,10.6746369336,10.694552301,12766
2020-03-05 07:30:00,10.7045099847,10.7045099847,10.6845946173,10.6845946173,9093
2020-03-05 07:15:00,10.6746369336,10.7443407195,10.654721566100001,10.6746369336,40462
2020-03-05 06:45:00,10.6049331476,10.6049331476,10.6049331476,10.6049331476,5398
2020-03-05 06:30:00,10.6148908313,10.6845946173,10.6148908313,10.6845946173,2500
2020-03-05 06:15:00,10.5850177802,10.5949754639,10.5850177802,10.5949754639,1700
2020-03-05 06:00:00,10.624848515,10.624848515,10.5850177802,10.5850177802,3720
2020-03-05 05:45:00,10.5850177802,10.6049331476,10.5850177802,10.6049331476,2383
2020-03-05 05:30:00,10.654721566100001,10.654721566100001,10.5949754639,10.5949754639,764
2020-03-05 05:15:00,10.714467668400001,10.714467668400001,10.654721566100001,10.654721566100001,773
2020-03-05 05:00:00,10.714467668400001,10.714467668400001,10.714467668400001,10.714467668400001,100
2020-03-05 04:45:00,10.7045099847,10.7244253521,10.7045099847,10.7244253521,2000
2020-03-05 04:15:00,10.654721566100001,10.6845946173,10.654721566100001,10.6845946173,1371
2020-03-04 20:00:00,10.853875240299999,10.853875240299999,10.8339598729,10.843917556600001,18149
2020-03-04 19:45:00,10.843917556600001,10.853875240299999,10.843917556600001,10.853875240299999,2300
2020-03-04 19:30:00,10.853875240299999,10.853875240299999,10.853875240299999,10.853875240299999,300
2020-03-04 19:15:00,10.863832924,10.883748291400002,10.853875240299999,10.883748291400002,32575
2020-03-04 18:45:00,10.853875240299999,10.8737906077,10.853875240299999,10.8737906077,3197
2020-03-04 18:30:00,10.8937059751,10.8937059751,10.843917556600001,10.843917556600001,19701
2020-03-04 18:15:00,10.903663658800001,10.9136213425,10.883748291400002,10.883748291400002,17637
2020-03-04 18:00:00,10.8738901845,10.903663658800001,10.8737906077,10.903663658800001,10519
2020-03-04 17:45:00,10.8737906077,10.903663658800001,10.8737906077,10.8737906077,4248
2020-03-04 17:30:00,10.903663658800001,10.903663658800001,10.8737906077,10.8737906077,8208
2020-03-04 17:15:00,10.883748291400002,10.8937059751,10.883748291400002,10.883748291400002,20630
2020-03-04 17:00:00,10.8937059751,10.8937059751,10.8737906077,10.8835491377,6880
2020-03-04 16:45:00,10.863832924,10.8937059751,10.863832924,10.8937059751,36471
2020-03-04 16:30:00,10.853875240299999,10.903663658800001,10.853875240299999,10.863832924,58718
2020-03-04 16:15:00,10.903663658800001,10.903663658800001,10.843917556600001,10.843917556600001,1330624
2020-03-04 16:00:00,10.819222500999999,10.9136213425,10.8040868217,10.903663658800001,10121969
2020-03-04 15:45:00,10.8190233473,10.883748291400002,10.8140445055,10.8140445055,4092778
2020-03-04 15:30:00,10.764355663800002,10.824002189200002,10.7542984032,10.824002189200002,1851479
2020-03-04 15:15:00,10.7244253521,10.794129137999999,10.7244253521,10.7642560869,1903302
2020-03-04 15:00:00,10.7194465102,10.7542984032,10.6845946173,10.7294041939,2292368
2020-03-04 14:45:00,10.6995311428,10.7244253521,10.6646792499,10.7194465102,3552013
2020-03-04 14:30:00,10.6796157754,10.7244253521,10.6746369336,10.6995311428,3485721
2020-03-04 14:15:00,10.7244253521,10.7393618777,10.654721566100001,10.6796157754,3544679
2020-03-04 14:00:00,10.7294041939,10.7742137706,10.7045099847,10.7244253521,2837297
2020-03-04 13:45:00,10.8040868217,10.8190233473,10.694552301,10.7253215436,4255878
2020-03-04 13:30:00,10.789150296199999,10.8339598729,10.784171454300001,10.7991079799,2209894
2020-03-04 13:15:00,10.809065663599998,10.8339598729,10.7742137706,10.789150296199999,1876714
2020-03-04 13:00:00,10.809065663599998,10.848896398399999,10.794129137999999,10.8140445055,2547396
2020-03-04 12:45:00,10.824002189200002,10.843917556600001,10.8040868217,10.809065663599998,980216
2020-03-04 12:30:00,10.838938714700001,10.853875240299999,10.8040868217,10.824002189200002,1028351
2020-03-04 12:15:00,10.824002189200002,10.8737906077,10.824002189200002,10.8367480243,1323301
2020-03-04 12:00:00,10.863932500799999,10.8787694495,10.8040868217,10.828981031,1626193
2020-03-04 11:45:00,10.9335367099,10.9534520773,10.843917556600001,10.868811765799999,1960297
2020-03-04 11:30:00,10.8937059751,10.9335367099,10.843917556600001,10.9335367099,1490436
2020-03-04 11:15:00,10.863832924,10.9136213425,10.843917556600001,10.8937059751,1197595
2020-03-04 11:00:00,10.898684817000001,10.923579026199999,10.824002189200002,10.863832924,1919499
2020-03-04 10:45:00,10.9534520773,10.973367444800001,10.794129137999999,10.8999793158,2725592
2020-03-04 10:30:00,10.8339598729,10.9534520773,10.8140445055,10.952456309,2378850
2020-03-04 10:15:00,10.8040868217,10.8416272893,10.714467668400001,10.829578492000001,2810259
2020-03-04 10:00:00,10.8937059751,10.9136213425,10.7443407195,10.7957223674,3920716
2020-03-04 09:45:00,11.0131981796,11.0729442818,10.863832924,10.8937059751,7328128
2020-03-04 09:30:00,11.0131981796,11.043071230699999,11.0131981796,11.043071230699999,77790
2020-03-04 09:15:00,11.033113547000001,11.043071230699999,11.003240495899998,11.033113547000001,107630
2020-03-04 09:00:00,11.003240495899998,11.043071230699999,11.003240495899998,11.033113547000001,182473
2020-03-04 08:45:00,11.003240495899998,11.1127750167,10.9932828122,10.9932828122,136642
2020-03-04 08:30:00,11.003240495899998,11.003240495899998,10.9932828122,11.003240495899998,176970
2020-03-04 08:15:00,11.152605751500001,11.1727202726,10.9634097611,10.983325128499999,289734
2020-03-04 08:00:00,11.152605751500001,11.1725211189,11.0829019655,11.1326903841,24200
2020-03-04 07:45:00,11.1127750167,11.192436486300002,11.0829019655,11.152605751500001,126295
2020-03-04 07:30:00,11.1127750167,11.1326903841,11.0829019655,11.1127750167,19381
2020-03-04 07:15:00,10.9136213425,11.1227327004,10.9136213425,11.1227327004,54583
2020-03-04 07:00:00,10.9534520773,11.003240495899998,10.9534520773,11.003240495899998,1896
2020-03-04 06:45:00,11.1127750167,11.232267221099999,10.903663658800001,10.9534520773,39122
2020-03-04 06:15:00,11.20239417,11.20239417,11.20239417,11.20239417,392
2020-03-04 05:00:00,11.0629865981,11.0729442818,11.0629865981,11.0729442818,546
2020-03-03 20:00:00,10.863832924,10.903663658800001,10.863832924,10.8737906077,13052
2020-03-03 19:45:00,10.853875240299999,10.863832924,10.853875240299999,10.863832924,1313
2020-03-03 19:30:00,10.853875240299999,10.853875240299999,10.8339598729,10.8339598729,11309
2020-03-03 19:15:00,10.784171454300001,10.8339598729,10.784171454300001,10.8339598729,9156
2020-03-03 19:00:00,10.7642560869,10.784171454300001,10.7542984032,10.784171454300001,1195
2020-03-03 18:45:00,10.7642560869,10.7642560869,10.7642560869,10.7642560869,900
2020-03-03 18:30:00,10.7542984032,10.784171454300001,10.7542984032,10.7742137706,1260
2020-03-03 18:15:00,10.7840718775,10.784171454300001,10.7542984032,10.7542984032,3295
2020-03-03 18:00:00,10.7542984032,10.784171454300001,10.7542984032,10.784171454300001,2449
2020-03-03 17:45:00,10.8040868217,10.8040868217,10.7542984032,10.7542984032,6220
2020-03-03 17:30:00,10.8040868217,10.8040868217,10.8040868217,10.8040868217,1018
2020-03-03 17:15:00,10.8441167102,10.853875240299999,10.8040868217,10.8040868217,6924
2020-03-03 17:00:00,10.8040868217,10.853875240299999,10.8040868217,10.8341590265,30385
2020-03-03 16:45:00,10.853875240299999,10.8737906077,10.8140445055,10.8140445055,11810
2020-03-03 16:30:00,10.903663658800001,10.903663658800001,10.843917556600001,10.853875240299999,3263
2020-03-03 16:15:00,10.8339598729,10.9335367099,10.8339598729,10.9335367099,1957385
2020-03-03 16:00:00,10.9534520773,10.9683886029,10.784171454300001,10.824002189200002,10807083
2020-03-03 15:45:00,10.9883039703,10.9883039703,10.8140445055,10.958430919200001,6918851
2020-03-03 15:30:00,10.9534520773,11.0231558633,10.8737906077,10.983325128499999,3064145
2020-03-03 15:15:00,10.8339598729,10.983325128499999,10.8040868217,10.9534520773,7379269
2020-03-03 15:00:00,10.7045099847,10.883748291400002,10.694552301,10.828981031,5599977
2020-03-03 14:45:00,10.7542984032,10.7742137706,10.6646792499,10.7094888265,2123579
2020-03-03 14:30:00,10.7045099847,10.7723218107,10.624848515,10.7569869778,2709446
2020-03-03 14:15:00,10.6845946173,10.7294041939,10.624848515,10.7109824791,3962243
2020-03-03 14:00:00,10.654721566100001,10.7244253521,10.654721566100001,10.6845946173,2228753
2020-03-03 13:45:00,10.714467668400001,10.7642560869,10.654721566100001,10.659700407999999,1680596
2020-03-03 13:30:00,10.769234928800001,10.784171454300001,10.6646792499,10.7148659757,2560121
2020-03-03 13:15:00,10.8140445055,10.824002189200002,10.7620653965,10.769234928800001,1484722
2020-03-03 13:00:00,10.853875240299999,10.928557868099999,10.8140445055,10.8190233473,1324440
2020-03-03 12:45:00,10.883748291400002,10.8937059751,10.824002189200002,10.853875240299999,1301566
2020-03-03 12:30:00,10.903663658800001,10.9335367099,10.853875240299999,10.883748291400002,1413888
2020-03-03 12:15:00,10.863832924,10.9335367099,10.824002189200002,10.8938055519,2038146
2020-03-03 12:00:00,10.853875240299999,10.9335367099,10.7742137706,10.8737906077,2073147
2020-03-03 11:45:00,10.754597133699999,10.8737906077,10.694552301,10.848896398399999,2785240
2020-03-03 11:30:00,10.863832924,10.929852367,10.694552301,10.7592772451,4703072
2020-03-03 11:15:00,11.0131981796,11.043071230699999,10.863832924,10.868811765799999,3368887
2020-03-03 11:00:00,11.0530289144,11.0729442818,10.943494393599998,11.0231558633,3097071
2020-03-03 10:45:00,11.0231558633,11.0829019655,10.973367444800001,11.059501408800001,3060499
2020-03-03 10:30:00,11.033113547000001,11.152605751500001,10.9484732355,11.030225818699998,4800357
2020-03-03 10:15:00,10.9534520773,11.3318440582,10.9534520773,11.033113547000001,7474142
2020-03-03 10:00:00,11.0131981796,11.043071230699999,10.853875240299999,10.9634097611,3436165
2020-03-03 09:45:00,11.20239417,11.20239417,10.9335367099,11.0082193377,7263494
2020-03-03 09:30:00,11.272097956,11.282055639700001,11.20239417,11.20239417,103467
2020-03-03 09:15:00,11.3019710071,11.3019710071,11.272097956,11.282055639700001,59751
2020-03-03 09:00:00,11.282055639700001,11.3019710071,11.2621402723,11.3019710071,424190
2020-03-03 08:45:00,11.292013323399999,11.3019710071,11.252182588499998,11.282055639700001,50237
2020-03-03 08:30:00,11.2123518537,11.3019710071,11.2123518537,11.3019710071,42198
2020-03-03 08:15:00,11.2422249048,11.341801741900001,11.192436486300002,11.2223095374,72701
2020-03-03 08:00:00,11.20239417,11.2422249048,11.1824788026,11.2422249048,68796
2020-03-03 07:45:00,11.311928690799999,11.341801741900001,11.20239417,11.20239417,84800
2020-03-03 07:30:00,11.282055639700001,11.311928690799999,11.282055639700001,11.311928690799999,5644
2020-03-03 07:15:00,11.232267221099999,11.311928690799999,11.20239417,11.292013323399999,14251
2020-03-03 07:00:00,11.1824788026,11.1824788026,11.1824788026,11.1824788026,312
2020-03-03 06:45:00,11.2123518537,11.252182588499998,11.2123518537,11.252182588499998,1106
2020-03-03 06:30:00,11.272097956,11.272097956,11.272097956,11.272097956,103
2020-03-03 06:15:00,11.2621402723,11.2621402723,11.2422249048,11.252182588499998,893
2020-03-03 06:00:00,11.3019710071,11.3517594256,11.3019710071,11.3517594256,4307
2020-03-03 05:45:00,11.292013323399999,11.311928690799999,11.292013323399999,11.311928690799999,2010
2020-03-03 05:15:00,11.292013323399999,11.292013323399999,11.292013323399999,11.292013323399999,1000
2020-03-03 04:45:00,11.292013323399999,11.292013323399999,11.252182588499998,11.292013323399999,2248
2020-03-03 04:30:00,11.311928690799999,11.311928690799999,11.282055639700001,11.282055639700001,2888
2020-03-03 04:15:00,11.2422249048,11.3218863745,11.2422249048,11.3218863745,405
2020-03-02 20:00:00,11.1625634352,11.192436486300002,11.1625634352,11.1824788026,1050
2020-03-02 19:45:00,11.1725211189,11.192436486300002,11.1625634352,11.192436486300002,11884
2020-03-02 19:30:00,11.1625634352,11.1725211189,11.1326903841,11.1326903841,4102
2020-03-02 19:15:00,11.102817332899999,11.1625634352,11.102817332899999,11.1625634352,6162
2020-03-02 19:00:00,11.102817332899999,11.1127750167,11.0829019655,11.0829019655,1700
2020-03-02 18:45:00,11.092859649200001,11.1127750167,11.092859649200001,11.102817332899999,585
2020-03-02 18:30:00,11.092859649200001,11.1127750167,11.092859649200001,11.092859649200001,2477
2020-03-02 18:15:00,11.092859649200001,11.1127750167,11.0829019655,11.092859649200001,23319
2020-03-02 18:00:00,11.1127750167,11.1127750167,11.0729442818,11.092859649200001,35989
2020-03-02 17:45:00,11.1326903841,11.1625634352,11.1227327004,11.1227327004,25514
2020-03-02 17:30:00,11.1426480678,11.152605751500001,11.1326903841,11.152605751500001,33327
2020-03-02 17:15:00,11.1326903841,11.1625634352,11.1326903841,11.1426480678,195157
2020-03-02 17:00:00,11.1426480678,11.1426480678,11.1326903841,11.1426480678,29140
2020-03-02 16:45:00,11.0729442818,11.1625634352,11.0530289144,11.1426480678,38652
2020-03-02 16:30:00,11.102817332899999,11.102817332899999,11.062787444400001,11.0727451282,36408
2020-03-02 16:15:00,11.1625634352,11.1625634352,11.0729442818,11.0829019655,1382792
2020-03-02 16:00:00,11.0443657296,11.1824788026,11.043071230699999,11.1725211189,10529830
2020-03-02 15:45:00,11.0829019655,11.0878808074,11.0131981796,11.0480500726,4114619
2020-03-02 15:30:00,11.0231558633,11.092859649200001,10.973367444800001,11.077923123699998,2249689
2020-03-02 15:15:00,10.943494393599998,11.06796544,10.943494393599998,11.0231558633,2771652
2020-03-02 15:00:00,10.9335367099,11.033113547000001,10.8887271333,10.9484732355,2346671
2020-03-02 14:45:00,10.9883039703,11.0131981796,10.8737906077,10.9385155518,3911260
2020-03-02 14:30:00,11.0878808074,11.092859649200001,10.9634097611,10.9883039703,2606434
2020-03-02 14:15:00,11.0629865981,11.1127750167,11.0530289144,11.092859649200001,2444060
2020-03-02 14:00:00,11.1725211189,11.1824788026,11.043071230699999,11.0629865981,4805186
2020-03-02 13:45:00,11.1227327004,11.1725211189,11.092859649200001,11.167542277,2227983
2020-03-02 13:30:00,11.207373011900001,11.2123518537,11.043071230699999,11.1224339699,2971961
2020-03-02 13:15:00,11.2621402723,11.292013323399999,11.192436486300002,11.20239417,2522974
2020-03-02 13:00:00,11.1874576445,11.292013323399999,11.1625634352,11.2571614304,2958523
2020-03-02 12:45:00,11.20239417,11.292013323399999,11.1326903841,11.1874576445,3682746
2020-03-02 12:30:00,11.177499960699999,11.2123518537,11.092859649200001,11.20239417,3080422
2020-03-02 12:15:00,11.1625634352,11.2621402723,11.1625634352,11.181483034200001,4670065
2020-03-02 12:00:00,11.1026181793,11.2422249048,11.0729442818,11.1625634352,4452191
2020-03-02 11:45:00,11.1227327004,11.1426480678,11.0530289144,11.102817332899999,3102129
2020-03-02 11:30:00,11.0729442818,11.1426480678,11.043071230699999,11.117753858499999,4382967
2020-03-02 11:15:00,10.973367444800001,11.0729442818,10.9335367099,11.0727451282,3692643
2020-03-02 11:00:00,10.9136213425,11.043071230699999,10.9086425007,10.9745623668,4180909
2020-03-02 10:45:00,10.824002189200002,10.923579026199999,10.7791926125,10.9136213425,3275523
2020-03-02 10:30:00,10.843917556600001,10.853875240299999,10.7443407195,10.816533926400002,3320565
2020-03-02 10:15:00,10.8588540821,10.9086425007,10.714467668400001,10.838938714700001,5082801
2020-03-02 10:00:00,11.0629865981,11.1227327004,10.8040868217,10.8588540821,7958374
2020-03-02 09:45:00,11.1625634352,11.2123518537,10.7742137706,11.06796544,16863181
2020-03-02 09:30:00,11.1227327004,11.232267221099999,11.092859649200001,11.1625634352,534000
2020-03-02 09:15:00,10.9534520773,11.1127750167,10.9533525005,11.1127750167,317085
2020-03-02 09:00:00,10.923579026199999,10.983325128499999,10.9136213425,10.943494393599998,643437
2020-03-02 08:45:00,10.9335367099,10.9534520773,10.923579026199999,10.9335367099,341908
2020-03-02 08:30:00,10.9534520773,10.9534520773,10.9335367099,10.943494393599998,230860
2020-03-02 08:15:00,10.9136213425,11.0530289144,10.853875240299999,10.9534520773,457686
2020-03-02 08:00:00,10.9534520773,11.033113547000001,10.923579026199999,10.9534520773,392581
2020-03-02 07:45:00,10.9534520773,10.983325128499999,10.943494393599998,10.9534520773,106718
2020-03-02 07:30:00,10.973367444800001,11.0530289144,10.9335367099,10.9534520773,224015
2020-03-02 07:15:00,10.8040868217,10.9932828122,10.8040868217,10.9634097611,82282
2020-03-02 07:00:00,10.903663658800001,10.903663658800001,10.8040868217,10.8140445055,28454
2020-03-02 06:45:00,10.9136213425,10.9534520773,10.9136213425,10.9136213425,64761
2020-03-02 06:30:00,10.853875240299999,11.003240495899998,10.853875240299999,10.9335367099,49388
2020-03-02 06:15:00,10.9932828122,10.9932828122,10.843917556600001,10.843917556600001,24064
2020-03-02 06:00:00,10.973367444800001,11.043071230699999,10.9534520773,10.9932828122,33756
2020-03-02 05:45:00,10.9634097611,11.043071230699999,10.9534520773,10.9634097611,5277
2020-03-02 05:30:00,11.0629865981,11.092859649200001,10.903663658800001,11.092859649200001,83374
2020-03-02 05:15:00,11.1227327004,11.1227327004,11.1127750167,11.1127750167,8800
2020-03-02 05:00:00,11.1127750167,11.152605751500001,11.1127750167,11.1127750167,8208
2020-03-02 04:45:00,11.311928690799999,11.311928690799999,11.152605751500001,11.152605751500001,1570
2020-03-02 04:30:00,11.152605751500001,11.252182588499998,11.1127750167,11.252182588499998,40270
2020-03-02 04:15:00,11.092859649200001,11.252182588499998,11.043071230699999,11.152605751500001,67168
2020-02-28 20:00:00,10.8737906077,10.8937059751,10.853875240299999,10.8937059751,17323
2020-02-28 19:45:00,10.8737906077,10.8737906077,10.853875240299999,10.853875240299999,7748
2020-02-28 19:30:00,10.8737906077,10.8737906077,10.843917556600001,10.853875240299999,9119
2020-02-28 19:15:00,10.8937059751,10.8937059751,10.8737906077,10.8737906077,8059
2020-02-28 19:00:00,10.8937059751,10.903663658800001,10.8937059751,10.903663658800001,1101
2020-02-28 18:45:00,10.883748291400002,10.903663658800001,10.8737906077,10.903663658800001,9938
2020-02-28 18:30:00,10.8737906077,10.8937059751,10.8737906077,10.883748291400002,3617
2020-02-28 18:15:00,10.8936063983,10.8937059751,10.8737906077,10.8737906077,3360
2020-02-28 18:00:00,10.853875240299999,10.903663658800001,10.843917556600001,10.8737906077,11625
2020-02-28 17:45:00,10.923579026199999,10.923579026199999,10.843917556600001,10.853875240299999,11873
2020-02-28 17:30:00,10.843917556600001,10.923579026199999,10.843917556600001,10.923579026199999,10229
2020-02-28 17:15:00,10.794129137999999,10.8339598729,10.7742137706,10.8040868217,87443
2020-02-28 17:00:00,10.8040868217,10.843917556600001,10.7644552406,10.8040868217,1797553
2020-02-28 16:45:00,10.853775663399999,10.903663658800001,10.8339598729,10.8339598729,143660
2020-02-28 16:30:00,10.8339598729,10.903663658800001,10.8339598729,10.883748291400002,784614
2020-02-28 16:15:00,11.0530289144,11.0629865981,10.5949754639,10.853875240299999,3409659
2020-02-28 16:00:00,10.2912661109,11.1376692259,10.2912661109,11.0729442818,22703937
2020-02-28 15:45:00,10.2763295853,10.3759064224,10.2663719016,10.2912661109,6952442
2020-02-28 15:30:00,10.3808852642,10.485440943099999,10.2763295853,10.2763295853,3008157
2020-02-28 15:15:00,10.4406313665,10.465525575700001,10.3261180038,10.3759064224,4622713
2020-02-28 15:00:00,10.5949754639,10.6049331476,10.4098621238,10.4406313665,4384882
2020-02-28 14:45:00,10.321139162,10.6099119895,10.3062026364,10.5949754639,6505908
2020-02-28 14:30:00,10.3012237946,10.3659487387,10.2663719016,10.321139162,1923399
2020-02-28 14:15:00,10.3111814783,10.3460333712,10.226541166799999,10.3012237946,2949840
2020-02-28 14:00:00,10.2464565342,10.3261180038,10.1867104319,10.3062026364,2556573
2020-02-28 13:45:00,10.3261180038,10.3460333712,10.226541166799999,10.2464565342,4103375
2020-02-28 13:30:00,10.2763295853,10.3958217898,10.2564142179,10.3344824581,2654158
2020-02-28 13:15:00,10.4057794735,10.4354533709,10.2763295853,10.2763295853,3327649
2020-02-28 13:00:00,10.253725643300001,10.4356525246,10.1966681156,10.4008006316,3666478
2020-02-28 12:45:00,10.286287268999999,10.3460333712,10.2414776923,10.2464565342,2908440
2020-02-28 12:30:00,10.1767527482,10.286287268999999,10.1369220134,10.286287268999999,1988509
2020-02-28 12:15:00,10.2066257993,10.226541166799999,10.1201931048,10.1742633273,2112022
2020-02-28 12:00:00,10.3261180038,10.3261180038,10.151858539,10.2116046412,4198134
2020-02-28 11:45:00,10.146879697100001,10.3559910549,10.1269643297,10.3261180038,4413487
2020-02-28 11:30:00,10.087133594900001,10.1667950645,10.0721970693,10.146879697100001,2219908
2020-02-28 11:15:00,10.1120278041,10.1269643297,10.0074721252,10.092112436699999,2825985
2020-02-28 11:00:00,10.0174298089,10.1369220134,9.97759907409,10.117006646,2604214
2020-02-28 10:45:00,9.96764139039,10.1159113008,9.95768370668,10.0146416575,4646812
2020-02-28 10:30:00,9.97262023224,10.1219854878,9.95768370668,9.96764139039,5304166
2020-02-28 10:15:00,10.0622393856,10.1070489623,9.95768370668,9.97759907409,6559747
2020-02-28 10:00:00,10.1667950645,10.2464565342,9.95768370668,10.0622393856,7801958
2020-02-28 09:45:00,9.90789528815,10.2962449527,9.81827613479,10.1667950645,12617578
2020-02-28 09:30:00,9.937768339269999,9.937768339269999,9.80831845108,9.82823381849,77200
2020-02-28 09:15:00,9.97759907409,9.99751444151,9.937768339269999,9.947726022969999,57042
2020-02-28 09:00:00,10.027387492599999,10.04730286,9.96764139039,9.97769865093,2184873
2020-02-28 08:45:00,10.087133594900001,10.0970912786,10.027387492599999,10.027387492599999,43550
2020-02-28 08:30:00,10.1070489623,10.1269643297,10.087133594900001,10.087133594900001,34396
2020-02-28 08:15:00,10.151858539,10.216583483099999,10.087133594900001,10.117006646,135951
2020-02-28 08:00:00,10.1568373808,10.1966681156,10.146879697100001,10.146879697100001,4946
2020-02-28 07:45:00,10.216583483099999,10.216583483099999,10.117006646,10.117006646,12339
2020-02-28 07:30:00,10.146879697100001,10.2066257993,10.0970912786,10.2066257993,9136
2020-02-28 07:15:00,10.1568373808,10.1767527482,10.1070489623,10.1369220134,58613
2020-02-28 07:00:00,10.1767527482,10.1767527482,10.1269643297,10.1269643297,301
2020-02-28 06:45:00,10.0970912786,10.146879697100001,10.0970912786,10.1269643297,1101
2020-02-28 06:15:00,10.1070489623,10.1070489623,10.1070489623,10.1070489623,6154
2020-02-28 06:00:00,10.04730286,10.0771759112,10.04730286,10.0771759112,256
2020-02-28 05:30:00,9.9875567578,9.99751444151,9.9875567578,9.9875567578,3135
2020-02-28 05:15:00,9.97759907409,9.97759907409,9.97759907409,9.97759907409,600
2020-02-28 05:00:00,9.947726022969999,9.95768370668,9.947726022969999,9.95768370668,1596
2020-02-28 04:45:00,9.937768339269999,9.947726022969999,9.75853003255,9.75853003255,12801
2020-02-28 04:30:00,9.96764139039,9.96764139039,9.937768339269999,9.937768339269999,5514
2020-02-28 04:15:00,10.146879697100001,10.146879697100001,9.96764139039,9.96764139039,6837
2020-02-27 20:00:00,10.3759064224,10.3958217898,10.3659487387,10.3659487387,3819
2020-02-27 19:45:00,10.3559910549,10.3958217898,10.3559910549,10.3759064224,4200
2020-02-27 19:30:00,10.3858641061,10.3858641061,10.3559910549,10.3858641061,2151
2020-02-27 19:15:00,10.3161603201,10.3559910549,10.3161603201,10.3559910549,8474
2020-02-27 19:00:00,10.2962449527,10.3460333712,10.2763295853,10.3063022133,7300
2020-02-27 18:45:00,10.3161603201,10.3360756875,10.2663719016,10.2763295853,11814
2020-02-27 18:30:00,10.286287268999999,10.3161603201,10.2564142179,10.3161603201,11724
2020-02-27 18:15:00,10.3161603201,10.3161603201,10.286287268999999,10.286287268999999,10827
2020-02-27 18:00:00,10.3062026364,10.3460333712,10.3062026364,10.3161603201,6158
2020-02-27 17:45:00,10.3360756875,10.3460333712,10.3062026364,10.3062026364,3667
2020-02-27 17:30:00,10.3159611664,10.3460333712,10.3062026364,10.3360756875,13754
2020-02-27 17:15:00,10.325918850199999,10.3460333712,10.3062026364,10.3062026364,34618
2020-02-27 17:00:00,10.3062026364,10.3460333712,10.3062026364,10.3261180038,106849
2020-02-27 16:45:00,10.3261180038,10.3460333712,10.286287268999999,10.3460333712,30870
2020-02-27 16:30:00,10.3757072687,10.3759064224,10.286287268999999,10.286287268999999,24945
2020-02-27 16:15:00,10.4157371572,10.788453258299999,10.3460333712,10.3559910549,2456385
2020-02-27 16:00:00,10.5053563105,10.5551447291,10.3360756875,10.3460333712,10854658
2020-02-27 15:45:00,10.5574349963,10.5850177802,10.5053563105,10.5103351524,3445895
2020-02-27 15:30:00,10.634706621900001,10.6348061987,10.5551447291,10.5551447291,2319895
2020-02-27 15:15:00,10.624848515,10.654721566100001,10.5651024128,10.624848515,1932620
2020-02-27 15:00:00,10.6796157754,10.6796157754,10.6148908313,10.6148908313,1697995
2020-02-27 14:45:00,10.6845946173,10.7045099847,10.6447638824,10.6796157754,1385314
2020-02-27 14:30:00,10.659700407999999,10.7045099847,10.5884033927,10.681706888999999,1929933
2020-02-27 14:15:00,10.6392871564,10.6746369336,10.6049331476,10.6646792499,1579471
2020-02-27 14:00:00,10.6348061987,10.7443407195,10.6049331476,10.6393867332,2127427
2020-02-27 13:45:00,10.751510251800001,10.7542984032,10.5850177802,10.6348061987,3529929
2020-02-27 13:30:00,10.839934483099999,10.843917556600001,10.7244253521,10.7443407195,1812995
2020-02-27 13:15:00,10.784171454300001,10.853875240299999,10.7542984032,10.843917556600001,1334790
2020-02-27 13:00:00,10.8190233473,10.8737906077,10.784171454300001,10.784171454300001,1947088
2020-02-27 12:45:00,10.8140445055,10.898684817000001,10.8040868217,10.824002189200002,2323754
2020-02-27 12:30:00,10.853875240299999,10.883748291400002,10.7592772451,10.8190233473,3053475
2020-02-27 12:15:00,10.7343830358,10.853875240299999,10.694552301,10.853875240299999,3044606
2020-02-27 12:00:00,10.6099119895,10.7542984032,10.5551447291,10.7343830358,1835736
2020-02-27 11:45:00,10.5700812546,10.654721566100001,10.5551447291,10.6049331476,2610629
2020-02-27 11:30:00,10.6646792499,10.6895734591,10.5551447291,10.5651024128,2392316
2020-02-27 11:15:00,10.6049331476,10.714467668400001,10.5750600965,10.659700407999999,2860517
2020-02-27 11:00:00,10.3659487387,10.6049331476,10.3587792064,10.6049331476,3363582
2020-02-27 10:45:00,10.3808852642,10.4057794735,10.2663719016,10.3670440839,4689045
2020-02-27 10:30:00,10.4456102083,10.4505890502,10.3559910549,10.3808852642,3540664
2020-02-27 10:15:00,10.5053563105,10.525271678,10.4057794735,10.455567892000001,4634376
2020-02-27 10:00:00,10.485440943099999,10.6049331476,10.4157371572,10.5053563105,5622489
2020-02-27 09:45:00,10.5750600965,10.654721566100001,10.4754832594,10.485440943099999,9448117
2020-02-27 09:30:00,10.6049331476,10.6049331476,10.5551447291,10.5850177802,77990
2020-02-27 09:15:00,10.5651024128,10.6346070451,10.5551447291,10.6049331476,133396
2020-02-27 09:00:00,10.574960519700001,10.903663658800001,10.5551447291,10.565002836,110735
2020-02-27 08:45:00,10.5850177802,10.5850177802,10.5053563105,10.5750600965,61013
2020-02-27 08:30:00,10.6148908313,10.6348061987,10.5651024128,10.5850177802,72252
2020-02-27 08:15:00,10.7743133475,10.8339598729,10.6049331476,10.624848515,201536
2020-02-27 08:00:00,10.694552301,10.7045099847,10.654721566100001,10.6746369336,26594
2020-02-27 07:45:00,10.7045099847,10.714467668400001,10.6348061987,10.654721566100001,60591
2020-02-27 07:30:00,10.7343830358,10.7343830358,10.714467668400001,10.714467668400001,5261
2020-02-27 07:15:00,10.8040868217,10.853875240299999,10.7542984032,10.7542984032,34486
2020-02-27 07:00:00,10.794129137999999,10.824002189200002,10.794129137999999,10.824002189200002,384
2020-02-27 06:30:00,10.8737906077,10.8737906077,10.863832924,10.863832924,602
2020-02-27 06:15:00,10.8140445055,10.8140445055,10.7642560869,10.7642560869,600
2020-02-27 06:00:00,10.8140445055,10.8140445055,10.8140445055,10.8140445055,200
2020-02-27 05:45:00,10.8339598729,10.8339598729,10.8339598729,10.8339598729,100
2020-02-27 05:15:00,10.8339598729,10.8339598729,10.8339598729,10.8339598729,300
2020-02-27 05:00:00,10.8737906077,10.8737906077,10.8339598729,10.8339598729,900
2020-02-27 04:15:00,10.8040868217,10.863832924,10.8040868217,10.863832924,1100
2020-02-26 20:00:00,10.883748291400002,10.903663658800001,10.863832924,10.903663658800001,8744
2020-02-26 19:45:00,10.8937059751,10.903663658800001,10.883748291400002,10.883748291400002,1014
2020-02-26 19:30:00,10.8937059751,10.903663658800001,10.8937059751,10.903663658800001,5600
2020-02-26 19:15:00,10.903663658800001,10.903663658800001,10.8737906077,10.8737906077,1199
2020-02-26 19:00:00,10.8937059751,10.9136213425,10.8937059751,10.903663658800001,8477
2020-02-26 18:45:00,10.903663658800001,10.903663658800001,10.903663658800001,10.903663658800001,1045
2020-02-26 18:30:00,10.8937059751,10.903663658800001,10.883748291400002,10.903663658800001,26936
2020-02-26 18:15:00,10.8937059751,10.903663658800001,10.8140445055,10.8937059751,4928
2020-02-26 18:00:00,10.8937059751,10.903663658800001,10.8937059751,10.903663658800001,853
2020-02-26 17:45:00,10.8938055519,10.903663658800001,10.8937059751,10.8937059751,8448
2020-02-26 17:30:00,10.8937059751,10.903663658800001,10.8937059751,10.8937059751,4949
2020-02-26 17:15:00,10.8937059751,10.9136213425,10.863832924,10.903663658800001,365492
2020-02-26 17:00:00,10.903663658800001,10.9136213425,10.903663658800001,10.903663658800001,223090
2020-02-26 16:45:00,10.8937059751,10.9136213425,10.8937059751,10.9136213425,7979
2020-02-26 16:30:00,10.9136213425,10.923579026199999,10.9136213425,10.9136213425,10980
2020-02-26 16:15:00,10.903663658800001,10.933337556300001,10.8737906077,10.9233798726,934003
2020-02-26 16:00:00,10.8937059751,10.9335367099,10.853875240299999,10.9136213425,8824847
2020-02-26 15:45:00,10.868811765799999,10.8937059751,10.843917556600001,10.8937059751,3169550
2020-02-26 15:30:00,10.863832924,10.903663658800001,10.828981031,10.868811765799999,2266762
2020-02-26 15:15:00,10.824002189200002,10.883748291400002,10.8140445055,10.853875240299999,2209288
2020-02-26 15:00:00,10.843917556600001,10.8737906077,10.8040868217,10.8141440823,2359616
2020-02-26 14:45:00,10.864430385,10.8937059751,10.8153390043,10.837942946400002,2718997
2020-02-26 14:30:00,10.8887271333,10.9136213425,10.824002189200002,10.863832924,2019281
2020-02-26 14:15:00,10.838938714700001,10.9136213425,10.8140445055,10.8937059751,2502342
2020-02-26 14:00:00,10.7642560869,10.9534520773,10.7542984032,10.838938714700001,5868880
2020-02-26 13:45:00,11.0629865981,11.06796544,10.749319561400002,10.7592772451,8884305
2020-02-26 13:30:00,11.0380923889,11.0829019655,11.0231558633,11.06796544,1952875
2020-02-26 13:15:00,11.1127750167,11.1227327004,11.033113547000001,11.0380923889,2246286
2020-02-26 13:00:00,11.1227327004,11.1874576445,11.102817332899999,11.117753858499999,1977927
2020-02-26 12:45:00,11.117753858499999,11.1725211189,11.1127750167,11.117753858499999,1879590
2020-02-26 12:30:00,11.1213386246,11.1326903841,11.0729442818,11.1220356625,2460149
2020-02-26 12:15:00,11.20239417,11.20239417,11.0829019655,11.1129741703,2801087
2020-02-26 12:00:00,11.311928690799999,11.3169075326,11.192436486300002,11.192436486300002,2082829
2020-02-26 11:45:00,11.3169075326,11.3517594256,11.272097956,11.3198948378,2081092
2020-02-26 11:30:00,11.3069498489,11.341801741900001,11.3019710071,11.3169075326,2414524
2020-02-26 11:15:00,11.3816324767,11.3915901604,11.282055639700001,11.3069498489,2170256
2020-02-26 11:00:00,11.4712516301,11.4911669975,11.371674793,11.3766536349,2698770
2020-02-26 10:45:00,11.3567382675,11.4712516301,11.341801741900001,11.4712516301,2286029
2020-02-26 10:30:00,11.3019710071,11.3915901604,11.292013323399999,11.357634459000002,2090496
2020-02-26 10:15:00,11.311928690799999,11.3218863745,11.1625634352,11.3019710071,3186504
2020-02-26 10:00:00,11.2472037467,11.371674793,11.2422249048,11.311928690799999,5107412
2020-02-26 09:45:00,11.3218863745,11.341801741900001,11.1625634352,11.2472037467,9132369
2020-02-26 09:30:00,11.311928690799999,11.3318440582,11.292013323399999,11.3218863745,23710
2020-02-26 09:15:00,11.282055639700001,11.3318440582,11.282055639700001,11.3218863745,9255
2020-02-26 09:00:00,11.292013323399999,11.3218863745,11.282055639700001,11.292013323399999,56998
2020-02-26 08:45:00,11.252182588499998,11.292013323399999,11.252182588499998,11.282055639700001,65050
2020-02-26 08:30:00,11.2422249048,11.272097956,11.232267221099999,11.252182588499998,35198
2020-02-26 08:15:00,11.2024937469,11.2422249048,11.152605751500001,11.2422249048,82446
2020-02-26 08:00:00,11.20239417,11.20239417,11.192436486300002,11.20239417,4970
2020-02-26 07:45:00,11.192436486300002,11.192436486300002,11.152605751500001,11.1725211189,10694
2020-02-26 07:30:00,11.2123518537,11.2123518537,11.192436486300002,11.192436486300002,1198
2020-02-26 07:15:00,11.20239417,11.20239417,11.152605751500001,11.20239417,10626
2020-02-26 07:00:00,11.20239417,11.20239417,11.20239417,11.20239417,553
2020-02-26 06:45:00,11.2223095374,11.2223095374,11.20239417,11.20239417,3634
2020-02-26 06:30:00,11.20239417,11.2123518537,11.192436486300002,11.2123518537,1945
2020-02-26 06:15:00,11.1127750167,11.1725211189,11.1127750167,11.1725211189,13570
2020-02-26 06:00:00,11.1426480678,11.1426480678,11.1127750167,11.1127750167,2129
2020-02-26 05:45:00,11.1326903841,11.1326903841,11.1326903841,11.1326903841,100
2020-02-26 05:30:00,11.1326903841,11.1824788026,11.1227327004,11.1227327004,8295
2020-02-26 05:15:00,11.1326903841,11.1625634352,11.1326903841,11.1326903841,2206
2020-02-26 05:00:00,11.102817332899999,11.1725211189,11.102817332899999,11.1725211189,1670
2020-02-26 04:45:00,11.1426480678,11.1426480678,11.1426480678,11.1426480678,2000
2020-02-26 04:30:00,11.1127750167,11.1127750167,11.1127750167,11.1127750167,200
2020-02-26 04:15:00,11.1426480678,11.1426480678,11.0829019655,11.0829019655,2437
2020-02-25 20:00:00,11.292013323399999,11.292013323399999,11.292013323399999,11.292013323399999,365
2020-02-25 19:45:00,11.292013323399999,11.292013323399999,11.282055639700001,11.292013323399999,7123
2020-02-25 19:30:00,11.292013323399999,11.292013323399999,11.282055639700001,11.282055639700001,6625
2020-02-25 19:15:00,11.292013323399999,11.292013323399999,11.282055639700001,11.292013323399999,8755
2020-02-25 19:00:00,11.292013323399999,11.3019710071,11.282055639700001,11.3019710071,2923
2020-02-25 18:45:00,11.272097956,11.3019710071,11.272097956,11.3019710071,4001
2020-02-25 18:30:00,11.3019710071,11.3019710071,11.272097956,11.272097956,6070
2020-02-25 18:15:00,11.272097956,11.3019710071,11.272097956,11.292013323399999,6870
2020-02-25 18:00:00,11.272097956,11.282055639700001,11.272097956,11.272097956,17672
2020-02-25 17:45:00,11.272097956,11.281956062799999,11.272097956,11.272097956,2360
2020-02-25 17:30:00,11.3019710071,11.3019710071,11.2722971096,11.2722971096,9013
2020-02-25 17:15:00,11.3019710071,11.3660984902,11.272097956,11.311829114000002,30998
2020-02-25 17:00:00,11.292013323399999,11.311928690799999,11.292013323399999,11.311928690799999,203655
2020-02-25 16:45:00,11.3019710071,11.311928690799999,11.272097956,11.272097956,102468
2020-02-25 16:30:00,11.3019710071,11.311928690799999,11.3019710071,11.311928690799999,13309
2020-02-25 16:15:00,11.272097956,11.3218863745,11.272097956,11.311928690799999,2066624
2020-02-25 16:00:00,11.272097956,11.3218863745,11.2223095374,11.272097956,7751116
2020-02-25 15:45:00,11.252182588499998,11.292013323399999,11.192436486300002,11.2621402723,4688474
2020-02-25 15:30:00,11.2571614304,11.282055639700001,11.2223095374,11.2571614304,2856517
2020-02-25 15:15:00,11.272097956,11.3218863745,11.252182588499998,11.252182588499998,2380053
2020-02-25 15:00:00,11.217729002899999,11.292013323399999,11.20239417,11.2636339248,2404157
2020-02-25 14:45:00,11.163559203599998,11.2223095374,11.1326903841,11.2173306956,2839101
2020-02-25 14:30:00,11.2571614304,11.2621402723,11.1625634352,11.167542277,2365760
2020-02-25 14:15:00,11.252182588499998,11.2621402723,11.1824788026,11.261044927,2740169
2020-02-25 14:00:00,11.311928690799999,11.341801741900001,11.252182588499998,11.252182588499998,1527846
2020-02-25 13:45:00,11.346780583800001,11.346780583800001,11.282055639700001,11.3169075326,1828296
2020-02-25 13:30:00,11.3915901604,11.4115055279,11.3019710071,11.346780583800001,2386639
2020-02-25 13:15:00,11.3816324767,11.426442053399999,11.3617171093,11.3965690023,1569644
2020-02-25 13:00:00,11.3965690023,11.4115055279,11.371674793,11.386611318599998,1750950
2020-02-25 12:45:00,11.401547844100001,11.461293946400001,11.386611318599998,11.3984609622,1284145
2020-02-25 12:30:00,11.461293946400001,11.4662727882,11.3965690023,11.401547844100001,1482396
2020-02-25 12:15:00,11.5558919416,11.5807861509,11.461293946400001,11.4662727882,1374150
2020-02-25 12:00:00,11.4812093138,11.5907438346,11.4712516301,11.5558919416,2303785
2020-02-25 11:45:00,11.4961458394,11.5309977323,11.4712516301,11.476230471900001,2526272
2020-02-25 11:30:00,11.4662727882,11.5210400486,11.3816324767,11.4961458394,3562625
2020-02-25 11:15:00,11.445461229300001,11.5210400486,11.4314208953,11.4699571312,3757970
2020-02-25 11:00:00,11.501124681199999,11.5210400486,11.371674793,11.4513362627,3650699
2020-02-25 10:45:00,11.4911669975,11.5160612068,11.4214632116,11.5061035231,3481524
2020-02-25 10:30:00,11.6921130547,11.7201937228,11.461293946400001,11.486188155699999,3943481
2020-02-25 10:15:00,11.769982141300002,11.7898975087,11.6704053042,11.7002783554,2261130
2020-02-25 10:00:00,11.783922898499998,11.829728243499998,11.7500667739,11.769982141300002,1987918
2020-02-25 09:45:00,11.919347396900001,11.949220448,11.769982141300002,11.7875076646,5040753
2020-02-25 09:30:00,11.929305080599999,11.9402585327,11.8894743458,11.9093897132,146762
2020-02-25 09:15:00,11.929305080599999,11.9392627643,11.919347396900001,11.9292055038,66210
2020-02-25 09:00:00,11.919347396900001,11.929305080599999,11.919347396900001,11.929305080599999,34078
2020-02-25 08:45:00,11.949220448,11.949220448,11.919347396900001,11.919347396900001,16007
2020-02-25 08:30:00,11.9691358154,11.9691358154,11.919347396900001,11.919347396900001,86970
2020-02-25 08:15:00,11.889374768900002,11.979093499100001,11.809812876099999,11.979093499100001,180890
2020-02-25 08:00:00,11.8994320295,11.919347396900001,11.8994320295,11.919347396900001,7097
2020-02-25 07:45:00,11.8795166621,11.9093897132,11.8795166621,11.9093897132,5936
2020-02-25 07:30:00,11.859601294700001,11.859601294700001,11.849643611,11.849643611,3864
2020-02-25 07:15:00,11.8396859272,11.8795166621,11.809812876099999,11.859601294700001,17826
2020-02-25 07:00:00,11.829728243499998,11.829728243499998,11.829728243499998,11.829728243499998,300
2020-02-25 06:00:00,11.7998551924,11.7998551924,11.7998551924,11.7998551924,885
2020-02-25 05:45:00,11.809812876099999,11.809812876099999,11.809812876099999,11.809812876099999,222
2020-02-25 05:30:00,11.9093897132,11.9093897132,11.9093897132,11.9093897132,300
2020-02-25 04:45:00,11.869558978399999,11.869558978399999,11.869558978399999,11.869558978399999,2500
2020-02-25 04:15:00,11.869558978399999,11.869558978399999,11.859601294700001,11.859601294700001,300
2020-02-24 20:00:00,11.8396859272,11.859601294700001,11.8396859272,11.859601294700001,16194
2020-02-24 19:45:00,11.8396859272,11.849643611,11.829728243499998,11.8396859272,6825
2020-02-24 19:30:00,11.809812876099999,11.829728243499998,11.809812876099999,11.829728243499998,2611
2020-02-24 19:15:00,11.7700817181,11.809812876099999,11.7700817181,11.809812876099999,6804
2020-02-24 19:00:00,11.769982141300002,11.7998551924,11.769982141300002,11.7897979319,12977
2020-02-24 18:45:00,11.7998551924,11.7998551924,11.7600244576,11.7600244576,1904
2020-02-24 18:30:00,11.769982141300002,11.7898975087,11.7600244576,11.7898975087,7457
2020-02-24 18:15:00,11.7500667739,11.769982141300002,11.7500667739,11.769982141300002,619
2020-02-24 18:00:00,11.7600244576,11.7898975087,11.7500667739,11.779939825,5399
2020-02-24 17:45:00,11.7600244576,11.7898975087,11.7600244576,11.779939825,2978
2020-02-24 17:30:00,11.7500667739,11.759825303900001,11.740109090199999,11.759825303900001,7687
2020-02-24 17:15:00,11.7600244576,11.7600244576,11.740109090199999,11.759825303900001,11481
2020-02-24 17:00:00,11.7500667739,11.7600244576,11.7498676202,11.7500667739,14432
2020-02-24 16:45:00,11.769982141300002,11.809812876099999,11.740109090199999,11.740109090199999,87935
2020-02-24 16:30:00,11.7600244576,11.809812876099999,11.7500667739,11.769982141300002,300844
2020-02-24 16:15:00,11.809812876099999,11.829628666700001,11.730151406500001,11.769982141300002,650418
2020-02-24 16:00:00,11.8197705598,11.869558978399999,11.779939825,11.809812876099999,4858801
2020-02-24 15:45:00,11.7948763506,11.8396859272,11.769982141300002,11.8197705598,2651901
2020-02-24 15:30:00,11.8347070854,11.844664769100001,11.7898975087,11.792486506500001,1613280
2020-02-24 15:15:00,11.844664769100001,11.869558978399999,11.829728243499998,11.8347070854,1225843
2020-02-24 15:00:00,11.8336117402,11.849643611,11.8197705598,11.844664769100001,2537456
2020-02-24 14:45:00,11.8546224528,11.8546224528,11.829728243499998,11.8347070854,1548868
2020-02-24 14:30:00,11.814791718,11.869558978399999,11.7998551924,11.849643611,1209236
2020-02-24 14:15:00,11.8645801365,11.8795166621,11.809812876099999,11.809812876099999,1336622
2020-02-24 14:00:00,11.8247494017,11.869558978399999,11.822259980799998,11.861991138699999,1503263
2020-02-24 13:45:00,11.849643611,11.849643611,11.779939825,11.8292303594,1294153
2020-02-24 13:30:00,11.7826283996,11.859601294700001,11.7650032994,11.8497431878,2425277
2020-02-24 13:15:00,11.829728243499998,11.8347070854,11.769982141300002,11.784918666900001,1594640
2020-02-24 13:00:00,11.8158870632,11.849643611,11.784918666900001,11.8347070854,2307871
2020-02-24 12:45:00,11.8197705598,11.849643611,11.802344613299999,11.814791718,1979468
2020-02-24 12:30:00,11.829728243499998,11.869558978399999,11.8197705598,11.8247494017,1501393
2020-02-24 12:15:00,11.849643611,11.859601294700001,11.829728243499998,11.8347070854,1283123
2020-02-24 12:00:00,11.8247494017,11.869558978399999,11.8129993349,11.8546224528,2286151
2020-02-24 11:45:00,11.9243262388,11.929305080599999,11.8197705598,11.8247494017,2750719
2020-02-24 11:30:00,11.919347396900001,11.9591781317,11.9093897132,11.919347396900001,1663071
2020-02-24 11:15:00,11.8795166621,11.944241606199999,11.849643611,11.919347396900001,2040993
2020-02-24 11:00:00,11.8546224528,11.914368555,11.849643611,11.8795166621,1758282
2020-02-24 10:45:00,11.8396859272,11.8844955039,11.829728243499998,11.8546224528,2932021
2020-02-24 10:30:00,11.979093499100001,12.0089665503,11.8396859272,11.844664769100001,3963814
2020-02-24 10:15:00,11.8347070854,11.984072341,11.829728243499998,11.9741146573,4134578
2020-02-24 10:00:00,11.8347070854,11.859601294700001,11.7500667739,11.829728243499998,3273985
2020-02-24 09:45:00,11.6405322531,11.869558978399999,11.5509130998,11.829728243499998,10630715
2020-02-24 09:30:00,11.6405322531,11.6604476205,11.5907438346,11.6405322531,168928
2020-02-24 09:15:00,11.620616885699999,11.7002783554,11.5807861509,11.650489936800001,86380
2020-02-24 09:00:00,11.7002783554,11.7100368854,11.5509130998,11.620616885699999,110360
2020-02-24 08:45:00,11.7500667739,11.7500667739,11.6704053042,11.7002783554,46355
2020-02-24 08:30:00,11.710236039100002,11.769982141300002,11.7002783554,11.7500667739,172603
2020-02-24 08:15:00,11.730151406500001,11.7998551924,11.7002783554,11.710236039100002,198791
2020-02-24 08:00:00,11.7500667739,11.7500667739,11.7201937228,11.740109090199999,22449
2020-02-24 07:45:00,11.730151406500001,11.7998551924,11.7201937228,11.7600244576,47563
2020-02-24 07:30:00,11.779939825,11.7898975087,11.730151406500001,11.730151406500001,16070
2020-02-24 07:15:00,11.650489936800001,11.7998551924,11.5509130998,11.7898975087,54123
2020-02-24 07:00:00,11.7002783554,11.7002783554,11.650489936800001,11.650489936800001,2916
2020-02-24 06:30:00,11.6704053042,11.7002783554,11.6704053042,11.7002783554,1020
2020-02-24 06:15:00,11.650489936800001,11.650489936800001,11.6007015183,11.6007015183,20220
2020-02-24 05:45:00,11.7002783554,11.7002783554,11.680362987899999,11.680362987899999,506
2020-02-24 05:30:00,11.7002783554,11.7002783554,11.7002783554,11.7002783554,1127
2020-02-24 05:15:00,11.7002783554,11.7002783554,11.6704053042,11.7002783554,1802
2020-02-24 05:00:00,11.7002783554,11.7002783554,11.680362987899999,11.680362987899999,837
2020-02-24 04:45:00,11.7002783554,11.7002783554,11.7002783554,11.7002783554,148
2020-02-24 04:30:00,11.769982141300002,11.769982141300002,11.7002783554,11.7002783554,1876
2020-02-24 04:15:00,11.949220448,12.0089665503,11.7500667739,11.7500667739,4886
2020-02-21 20:00:00,12.198162540699999,12.198162540699999,12.198162540699999,12.198162540699999,405
2020-02-21 19:45:00,12.178247173299999,12.178247173299999,12.178247173299999,12.178247173299999,597
2020-02-21 19:30:00,12.178247173299999,12.178247173299999,12.178247173299999,12.178247173299999,150
2020-02-21 19:15:00,12.1583318059,12.1583318059,12.1583318059,12.1583318059,1000
2020-02-21 19:00:00,12.1583318059,12.168289489600001,12.1583318059,12.1583318059,4294
2020-02-21 18:45:00,12.178247173299999,12.178247173299999,12.1583318059,12.1583318059,6206
2020-02-21 18:30:00,12.168289489600001,12.168289489600001,12.168289489600001,12.168289489600001,850
2020-02-21 18:15:00,12.178247173299999,12.198162540699999,12.178247173299999,12.178247173299999,3764
2020-02-21 18:00:00,12.198162540699999,12.198162540699999,12.198162540699999,12.198162540699999,620
2020-02-21 17:45:00,12.2081202244,12.2081202244,12.198162540699999,12.198162540699999,8862
2020-02-21 17:30:00,12.198162540699999,12.2180779081,12.197963387,12.2081202244,18652
2020-02-21 17:15:00,12.198162540699999,12.198162540699999,12.188204857,12.197963387,15068
2020-02-21 17:00:00,12.178247173299999,12.198162540699999,12.178247173299999,12.198162540699999,154653
2020-02-21 16:45:00,12.168289489600001,12.198162540699999,12.168289489600001,12.1880057033,26809
2020-02-21 16:30:00,12.178247173299999,12.188204857,12.1483741222,12.178247173299999,64379
2020-02-21 16:15:00,12.188204857,12.198162540699999,12.168289489600001,12.188204857,628615
2020-02-21 16:00:00,12.1832260151,12.2081202244,12.178247173299999,12.198162540699999,6969881
2020-02-21 15:45:00,12.2081202244,12.2180779081,12.168289489600001,12.1832260151,2342173
2020-02-21 15:30:00,12.228035591800001,12.2379932755,12.2081202244,12.213099066199998,768103
2020-02-21 15:15:00,12.2302262822,12.2379932755,12.2180779081,12.2330144337,857737
2020-02-21 15:00:00,12.2429721174,12.2479509592,12.2180779081,12.228035591800001,724496
2020-02-21 14:45:00,12.2440674626,12.2628874848,12.228035591800001,12.2429721174,1117623
2020-02-21 14:30:00,12.213099066199998,12.2479509592,12.198162540699999,12.2429721174,912458
2020-02-21 14:15:00,12.213099066199998,12.2379932755,12.2081202244,12.213099066199998,813824
2020-02-21 14:00:00,12.228035591800001,12.2479509592,12.198162540699999,12.213099066199998,960154
2020-02-21 13:45:00,12.2180779081,12.2379932755,12.2081202244,12.2379932755,762130
2020-02-21 13:30:00,12.2479509592,12.2628874848,12.2180779081,12.2210652132,937593
2020-02-21 13:15:00,12.2579086429,12.2778240103,12.2479509592,12.2479509592,538384
2020-02-21 13:00:00,12.254323876800001,12.2678663266,12.2479509592,12.2616925627,469393
2020-02-21 12:45:00,12.2624891774,12.2678663266,12.2379932755,12.2579086429,891126
2020-02-21 12:30:00,12.2678663266,12.2730443222,12.2579086429,12.2628874848,634200
2020-02-21 12:15:00,12.266273097200001,12.2778240103,12.252929801099999,12.2678663266,1189298
2020-02-21 12:00:00,12.2628874848,12.2778240103,12.2579086429,12.2628874848,627410
2020-02-21 11:45:00,12.2777244335,12.287781694000001,12.2479509592,12.2678663266,1050696
2020-02-21 11:30:00,12.2479509592,12.287781694000001,12.2429721174,12.272845168499998,1961757
2020-02-21 11:15:00,12.2579086429,12.2678663266,12.2479509592,12.2579086429,1269188
2020-02-21 11:00:00,12.2429721174,12.2678663266,12.2081202244,12.2599001797,1692905
2020-02-21 10:45:00,12.3478265268,12.35748548,12.2379932755,12.2429721174,1771216
2020-02-21 10:30:00,12.302718219600001,12.367443163699999,12.2977393778,12.34772695,1745762
2020-02-21 10:15:00,12.2678663266,12.347527796300001,12.2479509592,12.302718219600001,1440799
2020-02-21 10:00:00,12.3375701126,12.347527796300001,12.2379932755,12.2678663266,2703219
2020-02-21 09:45:00,12.3973162148,12.4072738985,12.3276124289,12.3425489544,5665885
2020-02-21 09:30:00,12.4172315822,12.4370473728,12.3774008474,12.3774008474,24344
2020-02-21 09:15:00,12.4172315822,12.4371469496,12.4172315822,12.4371469496,13771
2020-02-21 09:00:00,12.4271892659,12.4272888428,12.4172315822,12.4172315822,13461
2020-02-21 08:45:00,12.4271892659,12.4371469496,12.4271892659,12.4271892659,20315
2020-02-21 08:30:00,12.447104633399999,12.447104633399999,12.4271892659,12.4271892659,6511
2020-02-21 08:15:00,12.4072738985,12.447104633399999,12.3774008474,12.447104633399999,60999
2020-02-21 08:00:00,12.4172315822,12.4172315822,12.4172315822,12.4172315822,1139
2020-02-21 07:45:00,12.4072738985,12.4172315822,12.4072738985,12.4172315822,3000
2020-02-21 07:30:00,12.4072738985,12.4072738985,12.4072738985,12.4072738985,1600
2020-02-21 07:15:00,12.3774008474,12.3973162148,12.3774008474,12.3973162148,5842
2020-02-21 06:30:00,12.3973162148,12.3973162148,12.347527796300001,12.347527796300001,1000
2020-02-21 04:15:00,12.447104633399999,12.447104633399999,12.447104633399999,12.447104633399999,100
2020-02-20 20:00:00,12.4570623171,12.4570623171,12.447104633399999,12.447104633399999,1599
2020-02-20 19:45:00,12.447104633399999,12.4569627402,12.447104633399999,12.4569627402,740
2020-02-20 19:30:00,12.4670200008,12.4670200008,12.4670200008,12.4670200008,5000
2020-02-20 19:15:00,12.4570623171,12.4570623171,12.447104633399999,12.447104633399999,3151
2020-02-20 19:00:00,12.4570623171,12.4570623171,12.447104633399999,12.447104633399999,4772
2020-02-20 18:45:00,12.4570623171,12.4670200008,12.4570623171,12.4570623171,1250
2020-02-20 18:30:00,12.4670200008,12.4670200008,12.4570623171,12.4570623171,700
2020-02-20 18:15:00,12.4570623171,12.4670200008,12.4570623171,12.4670200008,1761
2020-02-20 18:00:00,12.4670200008,12.4670200008,12.4570623171,12.4570623171,6511
2020-02-20 17:45:00,12.4670200008,12.4670200008,12.4670200008,12.4670200008,2127
2020-02-20 17:30:00,12.4570623171,12.4570623171,12.4570623171,12.4570623171,270
2020-02-20 17:00:00,12.4670200008,12.4670200008,12.4570623171,12.4670200008,655
2020-02-20 16:45:00,12.4670200008,12.476977684500001,12.4570623171,12.476977684500001,36278
2020-02-20 16:30:00,12.4570623171,12.476977684500001,12.4570623171,12.4670200008,504
2020-02-20 16:15:00,12.476977684500001,12.4966938982,12.4570623171,12.4570623171,240426
2020-02-20 16:00:00,12.481956526300001,12.4968930519,12.4570623171,12.4670200008,2813552
2020-02-20 15:45:00,12.481956526300001,12.4869353682,12.4670200008,12.481956526300001,1009134
2020-02-20 15:30:00,12.4719988426,12.49191421,12.4670200008,12.481956526300001,657094
2020-02-20 15:15:00,12.501871893699999,12.506850735599999,12.4570623171,12.4719988426,1078246
2020-02-20 15:00:00,12.476977684500001,12.506850735599999,12.4570623171,12.5066515819,849779
2020-02-20 14:45:00,12.4670200008,12.4869353682,12.4570623171,12.476977684500001,700891
2020-02-20 14:30:00,12.4719988426,12.476977684500001,12.4570623171,12.460149199000002,378321
2020-02-20 14:15:00,12.4569627402,12.476977684500001,12.447104633399999,12.472994610999999,721732
2020-02-20 14:00:00,12.4325664151,12.462041158900002,12.4271892659,12.447104633399999,742354
2020-02-20 13:45:00,12.481956526300001,12.4869353682,12.4319689541,12.432168107799999,798778
2020-02-20 13:30:00,12.49191421,12.4968930519,12.4670200008,12.476977684500001,521925
2020-02-20 13:15:00,12.4670200008,12.506850735599999,12.447104633399999,12.49191421,951747
2020-02-20 13:00:00,12.4570623171,12.476977684500001,12.447104633399999,12.4719988426,598322
2020-02-20 12:45:00,12.4719988426,12.4869353682,12.447104633399999,12.4520834752,790468
2020-02-20 12:30:00,12.4571618939,12.4869353682,12.447104633399999,12.472197996300002,877129
2020-02-20 12:15:00,12.4570623171,12.4869353682,12.4371469496,12.4570623171,1127672
2020-02-20 12:00:00,12.4520834752,12.4968930519,12.4221108472,12.462041158900002,1108214
2020-02-20 11:45:00,12.4563652792,12.476977684500001,12.3774008474,12.4520834752,2455219
2020-02-20 11:30:00,12.387358531099999,12.4968930519,12.35748548,12.4520834752,2908001
2020-02-20 11:15:00,12.4968930519,12.4968930519,12.387358531099999,12.387358531099999,3004980
2020-02-20 11:00:00,12.481956526300001,12.506850735599999,12.4670200008,12.4869353682,1538541
2020-02-20 10:45:00,12.501871893699999,12.506850735599999,12.4670200008,12.481956526300001,1938698
2020-02-20 10:30:00,12.5715756797,12.5765545215,12.4968930519,12.4968930519,2369963
2020-02-20 10:15:00,12.5665968378,12.5865122052,12.551660312300001,12.5715756797,1966181
2020-02-20 10:00:00,12.621364098199999,12.6263429401,12.5566391541,12.561617995999999,1650764
2020-02-20 09:45:00,12.5955736974,12.6263429401,12.5466814704,12.616385256400001,3379108
2020-02-20 09:30:00,12.5865122052,12.616385256400001,12.5865122052,12.6064275727,21506
2020-02-20 09:15:00,12.5865122052,12.5865122052,12.5765545215,12.5765545215,53401
2020-02-20 09:00:00,12.616385256400001,12.616385256400001,12.5665968378,12.5765545215,22771
2020-02-20 08:45:00,12.616385256400001,12.6263429401,12.5865122052,12.6064275727,93066
2020-02-20 08:30:00,12.616385256400001,12.626143786400002,12.6064275727,12.616385256400001,16047
2020-02-20 08:15:00,12.626243363199999,12.6462583075,12.5665968378,12.6263429401,76127
2020-02-20 08:00:00,12.596469889000002,12.6064275727,12.596469889000002,12.6064275727,4100
2020-02-20 07:45:00,12.596469889000002,12.616385256400001,12.5865122052,12.5865122052,44680
2020-02-20 07:30:00,12.6064275727,12.6064275727,12.5865122052,12.5865122052,5626
2020-02-20 07:15:00,12.5765545215,12.6363006238,12.5765545215,12.596469889000002,15917
2020-02-20 07:00:00,12.5665968378,12.5665968378,12.5665968378,12.5665968378,1000
2020-02-20 06:45:00,12.5566391541,12.5566391541,12.5566391541,12.5566391541,2200
2020-02-20 06:15:00,12.6263429401,12.6263429401,12.616385256400001,12.616385256400001,2000
2020-02-20 05:45:00,12.5665968378,12.5665968378,12.5665968378,12.5665968378,2000
2020-02-20 05:30:00,12.5865122052,12.5865122052,12.5665968378,12.5665968378,3000
2020-02-20 04:15:00,12.7856658794,12.7856658794,12.7856658794,12.7856658794,1462
2020-02-19 20:00:00,12.5565395773,12.5765545215,12.5466814704,12.5765545215,3981
2020-02-19 19:45:00,12.5665968378,12.5765545215,12.5566391541,12.5566391541,4816
2020-02-19 19:30:00,12.5665968378,12.5765545215,12.5566391541,12.5566391541,17132
2020-02-19 19:15:00,12.5665968378,12.5765545215,12.5665968378,12.5765545215,7198
2020-02-19 19:00:00,12.5665968378,12.5665968378,12.566497260999999,12.5665968378,3551
2020-02-19 18:30:00,12.536723786700001,12.5566391541,12.526766103,12.5566391541,9499
2020-02-19 18:15:00,12.526766103,12.536723786700001,12.526766103,12.536723786700001,600
2020-02-19 18:00:00,12.5466814704,12.5466814704,12.5168084193,12.5466814704,8138
2020-02-19 17:45:00,12.5566391541,12.5566391541,12.5466814704,12.5466814704,6119
2020-02-19 17:30:00,12.5765545215,12.5765545215,12.5466814704,12.5466814704,10944
2020-02-19 17:15:00,12.5566391541,12.5765545215,12.5566391541,12.5665968378,3079
2020-02-19 17:00:00,12.5566391541,12.5765545215,12.5466814704,12.5566391541,7516
2020-02-19 16:45:00,12.5665968378,12.5765545215,12.5466814704,12.5466814704,25964
2020-02-19 16:30:00,12.5765545215,12.5765545215,12.5566391541,12.5666964147,6544
2020-02-19 16:15:00,12.5566391541,12.5765545215,12.5565395773,12.5765545215,826961
2020-02-19 16:00:00,12.561617995999999,12.5865122052,12.5466814704,12.5466814704,6002506
2020-02-19 15:45:00,12.5914910471,12.596469889000002,12.5317449449,12.5566391541,4626612
2020-02-19 15:30:00,12.6006521161,12.6064275727,12.5765545215,12.5914910471,1873654
2020-02-19 15:15:00,12.6313217819,12.6462583075,12.596469889000002,12.6064275727,2002356
2020-02-19 15:00:00,12.6462583075,12.656215991199998,12.6263429401,12.6313217819,1091855
2020-02-19 14:45:00,12.6512371493,12.671152516800001,12.6313217819,12.6515358798,1952885
2020-02-19 14:30:00,12.7010255679,12.7060044097,12.6363006238,12.6512371493,2026965
2020-02-19 14:15:00,12.7209409353,12.7259197771,12.6761313586,12.7060044097,1662617
2020-02-19 14:00:00,12.7109832516,12.7236295099,12.6811102005,12.7159620934,1415354
2020-02-19 13:45:00,12.7209409353,12.7259197771,12.6860890423,12.7060044097,1477700
2020-02-19 13:30:00,12.7408563027,12.7458351446,12.7060044097,12.7259197771,1036733
2020-02-19 13:15:00,12.7607716701,12.773716658900002,12.7358774608,12.7408563027,1276028
2020-02-19 13:00:00,12.7902464139,12.7956235631,12.7358774608,12.7607716701,1199235
2020-02-19 12:45:00,12.7709285075,12.7956235631,12.765750512,12.792038797,1002447
2020-02-19 12:30:00,12.8006024049,12.815538930499999,12.765750512,12.7719242759,959876
2020-02-19 12:15:00,12.842822983900001,12.8437191754,12.7906447212,12.8020960575,1181410
2020-02-19 12:00:00,12.8254966142,12.8553696653,12.8186258124,12.8404331398,1145563
2020-02-19 11:45:00,12.8452128279,12.845411981600002,12.815538930499999,12.8205177724,1003424
2020-02-19 11:30:00,12.8646303112,12.865327349000001,12.8354542979,12.8404331398,1033712
2020-02-19 11:15:00,12.875285032699999,12.881558373499999,12.845411981600002,12.865327349000001,1091790
2020-02-19 11:00:00,12.865327349000001,12.8802638746,12.8354542979,12.8703061909,1208729
2020-02-19 10:45:00,12.8330644538,12.865327349000001,12.815538930499999,12.8603485072,1387169
2020-02-19 10:30:00,12.815439353699999,12.845411981600002,12.793632026300001,12.830475456099999,1213488
2020-02-19 10:15:00,12.875285032699999,12.8852427164,12.7956235631,12.810560088599999,1903313
2020-02-19 10:00:00,12.7856658794,12.8852427164,12.7806870375,12.8703061909,2358270
2020-02-19 09:45:00,12.6462583075,12.845411981600002,12.6263429401,12.7806870375,6432040
2020-02-19 09:30:00,12.7259197771,12.7358774608,12.2977393778,12.656215991199998,1235939
2020-02-19 09:15:00,12.7159620934,12.7358774608,12.696046725999999,12.7358774608,62052
2020-02-19 09:00:00,12.685989465499999,12.7159620934,12.6761313586,12.7159620934,18955
2020-02-19 08:45:00,12.696046725999999,12.696046725999999,12.6761313586,12.6860890423,23826
2020-02-19 08:30:00,12.6761313586,12.7159620934,12.6761313586,12.696046725999999,36596
2020-02-19 08:15:00,12.5965694658,12.7458351446,12.596469889000002,12.7059048329,93310
2020-02-19 08:00:00,12.6860890423,12.6860890423,12.6860890423,12.6860890423,393
2020-02-19 07:45:00,12.6761313586,12.696046725999999,12.656215991199998,12.696046725999999,26487
2020-02-19 07:30:00,12.6761313586,12.696046725999999,12.6761313586,12.6761313586,1750
2020-02-19 07:15:00,12.5765545215,12.6661736749,12.5566391541,12.6661736749,60164
2020-02-19 07:00:00,12.5665968378,12.616385256400001,12.5665968378,12.5765545215,8625
2020-02-19 06:45:00,12.5765545215,12.5765545215,12.5765545215,12.5765545215,1000
2020-02-19 06:30:00,12.5865122052,12.596469889000002,12.5665968378,12.5665968378,2839
2020-02-19 06:15:00,12.5865122052,12.596469889000002,12.5865122052,12.596469889000002,741
2020-02-19 06:00:00,12.5765545215,12.5765545215,12.5765545215,12.5765545215,910
2020-02-19 05:45:00,12.5665968378,12.5665968378,12.5665968378,12.5665968378,100
2020-02-19 05:30:00,12.5865122052,12.5865122052,12.5865122052,12.5865122052,600
2020-02-19 05:15:00,12.5466814704,12.5466814704,12.5466814704,12.5466814704,900
2020-02-19 05:00:00,12.596469889000002,12.596469889000002,12.5665968378,12.5665968378,1400
2020-02-19 04:45:00,12.696046725999999,12.696046725999999,12.6064275727,12.6064275727,2712
2020-02-19 04:15:00,12.7060044097,12.7060044097,12.7060044097,12.7060044097,500
2020-02-18 20:00:00,12.755792828299999,12.755792828299999,12.7458351446,12.7458351446,3312
2020-02-18 19:45:00,12.755792828299999,12.755792828299999,12.7458351446,12.7458351446,5100
2020-02-18 19:30:00,12.755792828299999,12.755792828299999,12.7556932514,12.755792828299999,1150
2020-02-18 19:15:00,12.7458351446,12.7458351446,12.7458351446,12.7458351446,3897
2020-02-18 19:00:00,12.7458351446,12.7458351446,12.7358774608,12.7458351446,42472
2020-02-18 18:45:00,12.7358774608,12.7458351446,12.7358774608,12.7458351446,1500
2020-02-18 18:30:00,12.7159620934,12.7159620934,12.7060044097,12.7060044097,1493
2020-02-18 18:15:00,12.7060044097,12.7060044097,12.7060044097,12.7060044097,500
2020-02-18 18:00:00,12.7159620934,12.7159620934,12.7060044097,12.7060044097,1089
2020-02-18 17:45:00,12.7159620934,12.7159620934,12.7060044097,12.7159620934,1549
2020-02-18 17:30:00,12.7159620934,12.7159620934,12.7159620934,12.7159620934,417
2020-02-18 17:15:00,12.7159620934,12.7159620934,12.715862516600001,12.7159620934,1660
2020-02-18 17:00:00,12.7159620934,12.7159620934,12.696046725999999,12.696046725999999,58931
2020-02-18 16:45:00,12.7159620934,12.7159620934,12.7060044097,12.7159620934,2647
2020-02-18 16:30:00,12.7159620934,12.7159620934,12.7060044097,12.7159620934,57742
2020-02-18 16:15:00,12.696046725999999,12.7159620934,12.696046725999999,12.7060044097,353262
2020-02-18 16:00:00,12.671152516800001,12.7060044097,12.6512371493,12.6860890423,3716348
2020-02-18 15:45:00,12.7010255679,12.7060044097,12.656215991199998,12.671152516800001,2386065
2020-02-18 15:30:00,12.7408563027,12.7458351446,12.696046725999999,12.699830645799999,970949
2020-02-18 15:15:00,12.7358774608,12.7458351446,12.7060044097,12.7408563027,1076711
2020-02-18 15:00:00,12.7408563027,12.765750512,12.7259197771,12.741055456400002,1113243
2020-02-18 14:45:00,12.7358774608,12.7458351446,12.7259197771,12.7408563027,893089
2020-02-18 14:30:00,12.7358774608,12.755792828299999,12.7259197771,12.7408563027,1150898
2020-02-18 14:15:00,12.7209409353,12.7358774608,12.7010255679,12.7358774608,742040
2020-02-18 14:00:00,12.656215991199998,12.7358774608,12.656215991199998,12.7209409353,1120433
2020-02-18 13:45:00,12.671152516800001,12.6811102005,12.6512371493,12.656215991199998,986916
2020-02-18 13:30:00,12.6761313586,12.6860890423,12.6661736749,12.6661736749,820180
2020-02-18 13:15:00,12.6811102005,12.7060044097,12.6761313586,12.6811102005,1053558
2020-02-18 13:00:00,12.7010255679,12.7060044097,12.6661736749,12.6835996214,1005549
2020-02-18 12:45:00,12.7356783072,12.7358774608,12.696046725999999,12.702718374100002,760932
2020-02-18 12:30:00,12.7458351446,12.7458351446,12.7259197771,12.7305003116,555982
2020-02-18 12:15:00,12.7209409353,12.7458351446,12.7060044097,12.7458351446,658472
2020-02-18 12:00:00,12.7358774608,12.7458351446,12.7159620934,12.7159620934,1045717
2020-02-18 11:45:00,12.739163496500002,12.7458351446,12.7159620934,12.730898619000001,965941
2020-02-18 11:30:00,12.755792828299999,12.765750512,12.7149663251,12.7358774608,1408536
2020-02-18 11:15:00,12.7856658794,12.7956235631,12.7458351446,12.7607716701,910666
2020-02-18 11:00:00,12.7956235631,12.815538930499999,12.770729353800002,12.791043028599999,1371675
2020-02-18 10:45:00,12.755792828299999,12.805581246800001,12.755792828299999,12.7906447212,1408892
2020-02-18 10:30:00,12.8703061909,12.875185455899999,12.755792828299999,12.7622653227,2261632
2020-02-18 10:15:00,12.7529051,12.8952004002,12.726019354000002,12.8718994203,3095945
2020-02-18 10:00:00,12.6462583075,12.765750512,12.6462583075,12.755792828299999,3023270
2020-02-18 09:45:00,12.656215991199998,12.755792828299999,12.616385256400001,12.6462583075,5627604
2020-02-18 09:30:00,12.596469889000002,12.696046725999999,12.596469889000002,12.656215991199998,86110
2020-02-18 09:15:00,12.5466814704,12.596469889000002,12.526766103,12.5865122052,41905
2020-02-18 09:00:00,12.536723786700001,12.5466814704,12.526766103,12.526766103,43929
2020-02-18 08:45:00,12.526766103,12.5765545215,12.526766103,12.536723786700001,34624
2020-02-18 08:30:00,12.476977684500001,12.536524632999999,12.476977684500001,12.5168084193,21329
2020-02-18 08:15:00,12.4172315822,12.616385256400001,12.4172315822,12.476977684500001,166317
2020-02-18 08:00:00,12.526766103,12.526766103,12.506850735599999,12.506850735599999,4318
2020-02-18 07:45:00,12.4570623171,12.5168084193,12.4570623171,12.5168084193,8765
2020-02-18 07:30:00,12.5168084193,12.5168084193,12.4570623171,12.4670200008,9069
2020-02-18 07:15:00,12.4072738985,12.696046725999999,12.35748548,12.4968930519,64150
2020-02-18 07:00:00,12.367443163699999,12.367443163699999,12.367443163699999,12.367443163699999,480
2020-02-18 06:45:00,12.387358531099999,12.387358531099999,12.387358531099999,12.387358531099999,345
2020-02-18 06:30:00,12.3973162148,12.4072738985,12.3973162148,12.4072738985,600
2020-02-18 06:15:00,12.3973162148,12.3973162148,12.3973162148,12.3973162148,1402
2020-02-18 06:00:00,12.4072738985,12.4072738985,12.4072738985,12.4072738985,1206
2020-02-18 05:45:00,12.4670200008,12.4670200008,12.4072738985,12.4072738985,200
2020-02-18 05:30:00,12.447104633399999,12.447104633399999,12.387358531099999,12.387358531099999,1140
2020-02-18 04:15:00,12.616385256400001,12.616385256400001,12.2579086429,12.2579086429,10214
2020-02-14 20:00:00,12.7856658794,12.7956235631,12.7757081957,12.7956235631,17559
2020-02-14 19:45:00,12.7757081957,12.7757081957,12.7757081957,12.7757081957,1316
2020-02-14 19:30:00,12.765750512,12.765750512,12.765750512,12.765750512,930
2020-02-14 19:15:00,12.765750512,12.7757081957,12.765750512,12.7757081957,1350
2020-02-14 19:00:00,12.7856658794,12.7856658794,12.7856658794,12.7856658794,100
2020-02-14 18:30:00,12.7757081957,12.7856658794,12.7757081957,12.7856658794,708
2020-02-14 18:15:00,12.7757081957,12.7757081957,12.7757081957,12.7757081957,302
2020-02-14 17:45:00,12.765750512,12.765750512,12.765750512,12.765750512,205
2020-02-14 17:30:00,12.765750512,12.7757081957,12.765750512,12.775608618800002,3631
2020-02-14 17:15:00,12.765750512,12.765750512,12.765750512,12.765750512,310
2020-02-14 17:00:00,12.765750512,12.765750512,12.755792828299999,12.765750512,5103
2020-02-14 16:45:00,12.755792828299999,12.7757081957,12.755792828299999,12.765750512,17407
2020-02-14 16:30:00,12.7757081957,12.7757081957,12.755792828299999,12.755792828299999,16604
2020-02-14 16:15:00,12.7757081957,12.7855663025,12.755792828299999,12.7757081957,951324
2020-02-14 16:00:00,12.7607716701,12.7856658794,12.755792828299999,12.765750512,3493372
2020-02-14 15:45:00,12.755792828299999,12.765750512,12.7458351446,12.7607716701,1397446
2020-02-14 15:30:00,12.7358774608,12.765750512,12.7358774608,12.7607716701,1338168
2020-02-14 15:15:00,12.772920044200001,12.7856658794,12.7358774608,12.7408563027,884338
2020-02-14 15:00:00,12.7806870375,12.7956235631,12.765750512,12.770729353800002,654448
2020-02-14 14:45:00,12.755792828299999,12.7956235631,12.7508139864,12.7806870375,715299
2020-02-14 14:30:00,12.770729353800002,12.7757081957,12.7259197771,12.7607716701,931236
2020-02-14 14:15:00,12.7358774608,12.7856658794,12.7259197771,12.770729353800002,919690
2020-02-14 14:00:00,12.7159620934,12.7458351446,12.7159620934,12.7358774608,600304
2020-02-14 13:45:00,12.7359770377,12.755792828299999,12.7159620934,12.7209409353,1043570
2020-02-14 13:30:00,12.726915545499999,12.765750512,12.696046725999999,12.7408563027,1856168
2020-02-14 13:15:00,12.7607716701,12.765750512,12.7259197771,12.730898619000001,1027557
2020-02-14 13:00:00,12.770729353800002,12.7757081957,12.755792828299999,12.7607716701,695642
2020-02-14 12:45:00,12.7806870375,12.7856658794,12.765750512,12.7703310465,736376
2020-02-14 12:30:00,12.8006024049,12.805581246800001,12.7607716701,12.7856658794,1267489
2020-02-14 12:15:00,12.8404331398,12.845411981600002,12.7956235631,12.805581246800001,1322957
2020-02-14 12:00:00,12.8503908235,12.8553696653,12.8254966142,12.8404331398,1077027
2020-02-14 11:45:00,12.8703061909,12.875285032699999,12.845411981600002,12.8503908235,984119
2020-02-14 11:30:00,12.8703061909,12.8852427164,12.865327349000001,12.8703061909,726952
2020-02-14 11:15:00,12.8603485072,12.8852427164,12.845411981600002,12.875285032699999,1264139
2020-02-14 11:00:00,12.880064720899998,12.8852427164,12.8553696653,12.8603485072,1316465
2020-02-14 10:45:00,12.8852427164,12.8952004002,12.865327349000001,12.8802638746,1192288
2020-02-14 10:30:00,12.905158083900002,12.925073451300001,12.8852427164,12.890221558299999,1078500
2020-02-14 10:15:00,13.004734920899999,13.0097137628,12.8952004002,12.905158083900002,1451911
2020-02-14 10:00:00,12.9848195535,13.004734920899999,12.9549465024,13.004734920899999,1520646
2020-02-14 09:45:00,12.9151157676,12.994777237200001,12.8802638746,12.979143673800001,3100244
2020-02-14 09:30:00,12.8952004002,12.9151157676,12.8852427164,12.9151157676,24371
2020-02-14 09:15:00,12.8952004002,12.8952004002,12.8852427164,12.8952004002,40224
2020-02-14 09:00:00,12.8852427164,12.905158083900002,12.8852427164,12.8952004002,25027
2020-02-14 08:45:00,12.8952004002,12.925073451300001,12.8852427164,12.8852427164,53671
2020-02-14 08:30:00,12.905158083900002,12.905158083900002,12.905058507,12.905158083900002,5641
2020-02-14 08:15:00,12.875185455899999,12.935031135,12.875185455899999,12.905158083900002,41668
2020-02-14 08:00:00,12.8952004002,12.925073451300001,12.8952004002,12.905158083900002,2389
2020-02-14 07:45:00,12.875285032699999,12.8852427164,12.875285032699999,12.8852427164,80876
2020-02-14 07:30:00,12.875285032699999,12.875285032699999,12.875285032699999,12.875285032699999,1300
2020-02-14 07:15:00,12.8852427164,12.8852427164,12.875285032699999,12.8852427164,7678
2020-02-13 20:00:00,12.865327349000001,12.865327349000001,12.8553696653,12.865327349000001,9770
2020-02-13 19:45:00,12.865327349000001,12.865327349000001,12.8553696653,12.8652277722,4473
2020-02-13 19:30:00,12.875285032699999,12.875285032699999,12.875285032699999,12.875285032699999,2500
2020-02-13 19:15:00,12.875285032699999,12.875285032699999,12.875285032699999,12.875285032699999,200
2020-02-13 19:00:00,12.8852427164,12.8852427164,12.875285032699999,12.875285032699999,300
2020-02-13 18:30:00,12.875285032699999,12.875285032699999,12.8553696653,12.875285032699999,12680
2020-02-13 18:00:00,12.8952004002,12.8952004002,12.8852427164,12.8852427164,18841
2020-02-13 17:45:00,12.8952004002,12.8952004002,12.8852427164,12.8852427164,1524
2020-02-13 17:30:00,12.8951008233,12.8952004002,12.8852427164,12.895001246500001,3991
2020-02-13 17:15:00,12.8852427164,12.8952004002,12.8852427164,12.8852427164,5804
2020-02-13 17:00:00,12.8952004002,12.8952004002,12.895001246500001,12.895001246500001,58515
2020-02-13 16:45:00,12.8852427164,12.8952004002,12.875285032699999,12.8852427164,51722
2020-02-13 16:30:00,12.8553696653,12.8952004002,12.8553696653,12.8851431396,15223
2020-02-13 16:15:00,12.8852427164,12.905158083900002,12.8553696653,12.8553696653,925453
2020-02-13 16:00:00,12.8503908235,12.905158083900002,12.845411981600002,12.890221558299999,4117423
2020-02-13 15:45:00,12.890221558299999,12.8952004002,12.845411981600002,12.8503908235,2700584
2020-02-13 15:30:00,12.8952004002,12.9151157676,12.8852427164,12.8852427164,1419153
2020-02-13 15:15:00,12.9300522931,12.935031135,12.8952004002,12.8952004002,1558581
2020-02-13 15:00:00,12.944988818699999,12.9549465024,12.925073451300001,12.9300522931,1095460
2020-02-13 14:45:00,12.964904186099998,12.9748618698,12.944988818699999,12.944988818699999,943592
2020-02-13 14:30:00,12.9820314021,12.994777237200001,12.964904186099998,12.964904186099998,1242007
2020-02-13 14:15:00,12.949967660499999,12.9848195535,12.944988818699999,12.9848195535,1720997
2020-02-13 14:00:00,12.944988818699999,12.964904186099998,12.935031135,12.949967660499999,1206082
2020-02-13 13:45:00,12.9559422708,12.964904186099998,12.935031135,12.9400099768,1949814
2020-02-13 13:30:00,12.9549465024,12.9748618698,12.944988818699999,12.9599253442,912882
2020-02-13 13:15:00,12.9897983954,12.994777237200001,12.944988818699999,12.949967660499999,919532
2020-02-13 13:00:00,12.979840711700001,13.012203183699999,12.9748618698,12.994777237200001,713527
2020-02-13 12:45:00,12.9897983954,12.994777237200001,12.967393607,12.9848195535,2091072
2020-02-13 12:30:00,13.004734920899999,13.0146926046,12.964904186099998,12.9848195535,1408225
2020-02-13 12:15:00,12.979840711700001,13.0146926046,12.9748618698,13.004734920899999,1366331
2020-02-13 12:00:00,12.9748618698,13.004734920899999,12.949967660499999,12.9846203998,1912903
2020-02-13 11:45:00,12.9997560791,13.004734920899999,12.964904186099998,12.9748618698,1053792
2020-02-13 11:30:00,12.9997560791,13.0146926046,12.9748618698,12.9957730056,1267285
2020-02-13 11:15:00,12.979840711700001,13.004734920899999,12.9748618698,12.9977645423,1391153
2020-02-13 11:00:00,12.9300522931,13.004734920899999,12.925073451300001,12.979840711700001,2059023
2020-02-13 10:45:00,12.9599253442,12.964904186099998,12.8852427164,12.935031135,2788666
2020-02-13 10:30:00,12.9549465024,12.969883028,12.944988818699999,12.9599253442,1243427
2020-02-13 10:15:00,13.0097137628,13.0146926046,12.935031135,12.9549465024,3132454
2020-02-13 10:00:00,13.024650288299998,13.034607972,12.994777237200001,13.0097137628,1938455
2020-02-13 09:45:00,13.024650288299998,13.104311758,12.9848195535,13.030226591199998,4617027
2020-02-13 09:30:00,13.0247498652,13.064481023199999,13.024650288299998,13.034607972,24741
2020-02-13 09:15:00,13.034607972,13.054523339500001,13.024650288299998,13.0445656558,21008
2020-02-13 09:00:00,13.0445656558,13.0445656558,13.024650288299998,13.0445656558,4068
2020-02-13 08:45:00,13.0445656558,13.0445656558,13.034607972,13.0347075489,15977
2020-02-13 08:30:00,13.0445656558,13.0445656558,13.024650288299998,13.0445656558,9817
2020-02-13 08:15:00,13.054523339500001,13.064481023199999,12.9748618698,13.0445656558,49280
2020-02-13 08:00:00,13.024650288299998,13.064481023199999,13.024650288299998,13.054523339500001,25926
2020-02-13 07:45:00,12.9848195535,13.0445656558,12.9848195535,13.0146926046,17115
2020-02-13 07:30:00,12.9848195535,12.9848195535,12.9748618698,12.9748618698,4513
2020-02-13 07:15:00,12.9748618698,12.994777237200001,12.9748618698,12.994777237200001,15432
2020-02-13 07:00:00,12.9748618698,12.9748618698,12.9748618698,12.9748618698,3692
2020-02-13 05:00:00,12.9748618698,12.9748618698,12.964904186099998,12.964904186099998,1294
2020-02-13 04:30:00,13.004734920899999,13.004734920899999,12.9848195535,12.9848195535,500
